  2.000000000000000E-003  2.000000000000000E-003  -2.30056567902990     
  2.000000000000000E-003  0.305720416666667       -2.20290254781645     
  2.000000000000000E-003  0.609440833333333       -1.83869468237788     
  2.000000000000000E-003  0.913161250000000       -1.36328482758166     
  2.000000000000000E-003   1.21688166666667       -1.01019571662108     
  2.000000000000000E-003   1.52060208333333      -0.775229626397199     
  2.000000000000000E-003   1.82432250000000      -0.618074717877129     
  2.000000000000000E-003   2.12804291666667      -0.511313412682381     
  2.000000000000000E-003   2.43176333333333      -0.438552721226165     
  2.000000000000000E-003   2.73548375000000      -0.390175993272907     
  2.000000000000000E-003   3.03920416666667      -0.358039618674753     
  2.000000000000000E-003   3.34292458333333      -0.329795303035270     
  2.000000000000000E-003   3.64664500000000      -0.307348213920976     
  2.000000000000000E-003   3.95036541666667      -0.274511685934686     
  2.000000000000000E-003   4.25408583333333      -0.249654148407337     
  2.000000000000000E-003   4.55780625000000      -0.233207511153485     
  2.000000000000000E-003   4.86152666666667      -0.221377651318292     
  2.000000000000000E-003   5.16524708333333      -0.212074217107185     
  2.000000000000000E-003   5.46896750000000      -0.204028276721331     
  2.000000000000000E-003   5.77268791666667      -0.196033826322274     
  2.000000000000000E-003   6.07640833333333      -0.186944260563340     
  2.000000000000000E-003   6.38012875000000      -0.176098517700087     
  2.000000000000000E-003   6.68384916666667      -0.164988910786602     
  2.000000000000000E-003   6.98756958333333      -0.161804033135631     
  2.000000000000000E-003   7.29129000000000      -0.163400164710415     
  0.305720416666667       2.000000000000000E-003  -2.20290265213466     
  0.305720416666667       0.305720416666667       -1.98138103152455     
  0.305720416666667       0.609440833333333       -1.64428813003379     
  0.305720416666667       0.913161250000000       -1.26553876037015     
  0.305720416666667        1.21688166666667      -0.964376634116265     
  0.305720416666667        1.52060208333333      -0.752721212752319     
  0.305720416666667        1.82432250000000      -0.606431022425182     
  0.305720416666667        2.12804291666667      -0.505186972743120     
  0.305720416666667        2.43176333333333      -0.435211500492977     
  0.305720416666667        2.73548375000000      -0.387701141050823     
  0.305720416666667        3.03920416666667      -0.355999251803855     
  0.305720416666667        3.34292458333333      -0.329140489682483     
  0.305720416666667        3.64664500000000      -0.301630507759302     
  0.305720416666667        3.95036541666667      -0.273239213564850     
  0.305720416666667        4.25408583333333      -0.249714638262681     
  0.305720416666667        4.55780625000000      -0.233154331431508     
  0.305720416666667        4.86152666666667      -0.221169946069785     
  0.305720416666667        5.16524708333333      -0.211717556726722     
  0.305720416666667        5.46896750000000      -0.203609828480441     
  0.305720416666667        5.77268791666667      -0.195678191647449     
  0.305720416666667        6.07640833333333      -0.187014770988991     
  0.305720416666667        6.38012875000000      -0.177512101188352     
  0.305720416666667        6.68384916666667      -0.169499153214402     
  0.305720416666667        6.98756958333333      -0.167227922541339     
  0.305720416666667        7.29129000000000      -0.162232552565249     
  0.609440833333333       2.000000000000000E-003  -1.83869510078577     
  0.609440833333333       0.305720416666667       -1.64428853087287     
  0.609440833333333       0.609440833333333       -1.33926497065341     
  0.609440833333333       0.913161250000000       -1.07499347657055     
  0.609440833333333        1.21688166666667      -0.860874758768931     
  0.609440833333333        1.52060208333333      -0.697291307491920     
  0.609440833333333        1.82432250000000      -0.576079286078834     
  0.609440833333333        2.12804291666667      -0.488228771343464     
  0.609440833333333        2.43176333333333      -0.425561074347101     
  0.609440833333333        2.73548375000000      -0.380581875002192     
  0.609440833333333        3.03920416666667      -0.349513947746483     
  0.609440833333333        3.34292458333333      -0.323900187027019     
  0.609440833333333        3.64664500000000      -0.297664352711460     
  0.609440833333333        3.95036541666667      -0.271395962962366     
  0.609440833333333        4.25408583333333      -0.249254050502331     
  0.609440833333333        4.55780625000000      -0.232743857275999     
  0.609440833333333        4.86152666666667      -0.220510675353590     
  0.609440833333333        5.16524708333333      -0.210709502286276     
  0.609440833333333        5.46896750000000      -0.202423500558088     
  0.609440833333333        5.77268791666667      -0.194585207622864     
  0.609440833333333        6.07640833333333      -0.186578788825293     
  0.609440833333333        6.38012875000000      -0.178715190594263     
  0.609440833333333        6.68384916666667      -0.172384834806080     
  0.609440833333333        6.98756958333333      -0.167425803739618     
  0.609440833333333        7.29129000000000      -0.160643013176597     
  0.913161250000000       2.000000000000000E-003  -1.36328552071364     
  0.913161250000000       0.305720416666667       -1.26553950537337     
  0.913161250000000       0.609440833333333       -1.07499388594903     
  0.913161250000000       0.913161250000000      -0.896708146129393     
  0.913161250000000        1.21688166666667      -0.749124345262992     
  0.913161250000000        1.52060208333333      -0.629882590413196     
  0.913161250000000        1.82432250000000      -0.535844106555941     
  0.913161250000000        2.12804291666667      -0.464184385975777     
  0.913161250000000        2.43176333333333      -0.410177587115078     
  0.913161250000000        2.73548375000000      -0.369585361089887     
  0.913161250000000        3.03920416666667      -0.339416983572882     
  0.913161250000000        3.34292458333333      -0.314543156112753     
  0.913161250000000        3.64664500000000      -0.290578837339620     
  0.913161250000000        3.95036541666667      -0.267389345678570     
  0.913161250000000        4.25408583333333      -0.247310079205665     
  0.913161250000000        4.55780625000000      -0.231559291834452     
  0.913161250000000        4.86152666666667      -0.219201386475661     
  0.913161250000000        5.16524708333333      -0.209137846801768     
  0.913161250000000        5.46896750000000      -0.200628323123573     
  0.913161250000000        5.77268791666667      -0.192748483518590     
  0.913161250000000        6.07640833333333      -0.185043467564841     
  0.913161250000000        6.38012875000000      -0.177661161720757     
  0.913161250000000        6.68384916666667      -0.170999832730164     
  0.913161250000000        6.98756958333333      -0.164748871049097     
  0.913161250000000        7.29129000000000      -0.158617580660717     
   1.21688166666667       2.000000000000000E-003  -1.01019636328329     
   1.21688166666667       0.305720416666667      -0.964377361905123     
   1.21688166666667       0.609440833333333      -0.860875284336781     
   1.21688166666667       0.913161250000000      -0.749124565622169     
   1.21688166666667        1.21688166666667      -0.649067346601894     
   1.21688166666667        1.52060208333333      -0.563792917716521     
   1.21688166666667        1.82432250000000      -0.493159811265573     
   1.21688166666667        2.12804291666667      -0.436393383515905     
   1.21688166666667        2.43176333333333      -0.391250032315056     
   1.21688166666667        2.73548375000000      -0.355751481988281     
   1.21688166666667        3.03920416666667      -0.327530229034766     
   1.21688166666667        3.34292458333333      -0.303804229236231     
   1.21688166666667        3.64664500000000      -0.282037762622105     
   1.21688166666667        3.95036541666667      -0.261781736065128     
   1.21688166666667        4.25408583333333      -0.244053572757855     
   1.21688166666667        4.55780625000000      -0.229315137244741     
   1.21688166666667        4.86152666666667      -0.217203750353539     
   1.21688166666667        5.16524708333333      -0.207107825197125     
   1.21688166666667        5.46896750000000      -0.198389946641011     
   1.21688166666667        5.77268791666667      -0.190384011509653     
   1.21688166666667        6.07640833333333      -0.182711228340977     
   1.21688166666667        6.38012875000000      -0.175407765102880     
   1.21688166666667        6.68384916666667      -0.168620289828548     
   1.21688166666667        6.98756958333333      -0.162365581847722     
   1.21688166666667        7.29129000000000      -0.156739571478748     
   1.52060208333333       2.000000000000000E-003 -0.775230148931557     
   1.52060208333333       0.305720416666667      -0.752721779969162     
   1.52060208333333       0.609440833333333      -0.697291757232014     
   1.52060208333333       0.913161250000000      -0.629882842446947     
   1.52060208333333        1.21688166666667      -0.563793004630310     
   1.52060208333333        1.52060208333333      -0.503983891157378     
   1.52060208333333        1.82432250000000      -0.451959451465876     
   1.52060208333333        2.12804291666667      -0.407723277514482     
   1.52060208333333        2.43176333333333      -0.370932828166854     
   1.52060208333333        2.73548375000000      -0.340594202818933     
   1.52060208333333        3.03920416666667      -0.315230176891090     
   1.52060208333333        3.34292458333333      -0.293261763949326     
   1.52060208333333        3.64664500000000      -0.273506016348633     
   1.52060208333333        3.95036541666667      -0.255597240686473     
   1.52060208333333        4.25408583333333      -0.239762610305722     
   1.52060208333333        4.55780625000000      -0.226167435009317     
   1.52060208333333        4.86152666666667      -0.214619653862689     
   1.52060208333333        5.16524708333333      -0.204674181480655     
   1.52060208333333        5.46896750000000      -0.195835269282349     
   1.52060208333333        5.77268791666667      -0.187696235780651     
   1.52060208333333        6.07640833333333      -0.179999237724183     
   1.52060208333333        6.38012875000000      -0.172770335445285     
   1.52060208333333        6.68384916666667      -0.166121439162700     
   1.52060208333333        6.98756958333333      -0.160122526571792     
   1.52060208333333        7.29129000000000      -0.154798388968774     
   1.82432250000000       2.000000000000000E-003 -0.618075106225932     
   1.82432250000000       0.305720416666667      -0.606431399821858     
   1.82432250000000       0.609440833333333      -0.576079578346774     
   1.82432250000000       0.913161250000000      -0.535844283726732     
   1.82432250000000        1.21688166666667      -0.493159900434272     
   1.82432250000000        1.52060208333333      -0.451959494789282     
   1.82432250000000        1.82432250000000      -0.413914003640000     
   1.82432250000000        2.12804291666667      -0.380058555620263     
   1.82432250000000        2.43176333333333      -0.350597503478246     
   1.82432250000000        2.73548375000000      -0.325106388539696     
   1.82432250000000        3.03920416666667      -0.302841602668079     
   1.82432250000000        3.34292458333333      -0.283046280024370     
   1.82432250000000        3.64664500000000      -0.265203632259902     
   1.82432250000000        3.95036541666667      -0.249139363802744     
   1.82432250000000        4.25408583333333      -0.234883818368496     
   1.82432250000000        4.55780625000000      -0.222413896581158     
   1.82432250000000        4.86152666666667      -0.211514190743629     
   1.82432250000000        5.16524708333333      -0.201828794781049     
   1.82432250000000        5.46896750000000      -0.193004440536454     
   1.82432250000000        5.77268791666667      -0.184803213266987     
   1.82432250000000        6.07640833333333      -0.177124393083151     
   1.82432250000000        6.38012875000000      -0.170003372060616     
   1.82432250000000        6.68384916666667      -0.163544868695376     
   1.82432250000000        6.98756958333333      -0.157786459631182     
   1.82432250000000        7.29129000000000      -0.152704876800118     
   2.12804291666667       2.000000000000000E-003 -0.511313603479835     
   2.12804291666667       0.305720416666667      -0.505187119258689     
   2.12804291666667       0.609440833333333      -0.488228879395437     
   2.12804291666667       0.913161250000000      -0.464184480809824     
   2.12804291666667        1.21688166666667      -0.436393473269956     
   2.12804291666667        1.52060208333333      -0.407723352144316     
   2.12804291666667        1.82432250000000      -0.380058599143585     
   2.12804291666667        2.12804291666667      -0.354357706163863     
   2.12804291666667        2.43176333333333      -0.330919901690716     
   2.12804291666667        2.73548375000000      -0.309661402944658     
   2.12804291666667        3.03920416666667      -0.290349375976298     
   2.12804291666667        3.34292458333333      -0.272767342292940     
   2.12804291666667        3.64664500000000      -0.256795814869158     
   2.12804291666667        3.95036541666667      -0.242401936915599     
   2.12804291666667        4.25408583333333      -0.229554413690594     
   2.12804291666667        4.55780625000000      -0.218129366178404     
   2.12804291666667        4.86152666666667      -0.207888569419310     
   2.12804291666667        5.16524708333333      -0.198548693857106     
   2.12804291666667        5.46896750000000      -0.189883781673321     
   2.12804291666667        5.77268791666667      -0.181786574673056     
   2.12804291666667        6.07640833333333      -0.174253132396725     
   2.12804291666667        6.38012875000000      -0.167320053774545     
   2.12804291666667        6.68384916666667      -0.161031318117313     
   2.12804291666667        6.98756958333333      -0.155473945533804     
   2.12804291666667        7.29129000000000      -0.150627351812042     
   2.43176333333333       2.000000000000000E-003 -0.438552654423546     
   2.43176333333333       0.305720416666667      -0.435211392066483     
   2.43176333333333       0.609440833333333      -0.425561016534232     
   2.43176333333333       0.913161250000000      -0.410177606282069     
   2.43176333333333        1.21688166666667      -0.391250103358865     
   2.43176333333333        1.52060208333333      -0.370932917302645     
   2.43176333333333        1.82432250000000      -0.350597581340928     
   2.43176333333333        2.12804291666667      -0.330919945760920     
   2.43176333333333        2.43176333333333      -0.312162212962123     
   2.43176333333333        2.73548375000000      -0.294421160143082     
   2.43176333333333        3.03920416666667      -0.277774543779181     
   2.43176333333333        3.34292458333333      -0.262324908496451     
   2.43176333333333        3.64664500000000      -0.248169251865802     
   2.43176333333333        3.95036541666667      -0.235344975849064     
   2.43176333333333        4.25408583333333      -0.223789110701599     
   2.43176333333333        4.55780625000000      -0.213335378891164     
   2.43176333333333        4.86152666666667      -0.203760019270444     
   2.43176333333333        5.16524708333333      -0.194859428543009     
   2.43176333333333        5.46896750000000      -0.186515856950671     
   2.43176333333333        5.77268791666667      -0.178712161735467     
   2.43176333333333        6.07640833333333      -0.171484350922378     
   2.43176333333333        6.38012875000000      -0.164848998597877     
   2.43176333333333        6.68384916666667      -0.158789493163605     
   2.43176333333333        6.98756958333333      -0.153383111099069     
   2.43176333333333        7.29129000000000      -0.148867788196313     
   2.73548375000000       2.000000000000000E-003 -0.390175607753062     
   2.73548375000000       0.305720416666667      -0.387700698370735     
   2.73548375000000       0.609440833333333      -0.380581596015194     
   2.73548375000000       0.913161250000000      -0.369585275987885     
   2.73548375000000        1.21688166666667      -0.355751519566541     
   2.73548375000000        1.52060208333333      -0.340594287944784     
   2.73548375000000        1.82432250000000      -0.325106480582436     
   2.73548375000000        2.12804291666667      -0.309661474835103     
   2.73548375000000        2.43176333333333      -0.294421195716799     
   2.73548375000000        2.73548375000000      -0.279546580952931     
   2.73548375000000        3.03920416666667      -0.265262785671956     
   2.73548375000000        3.34292458333333      -0.251816395727699     
   2.73548375000000        3.64664500000000      -0.239388144794181     
   2.73548375000000        3.95036541666667      -0.228029902083978     
   2.73548375000000        4.25408583333333      -0.217660746854113     
   2.73548375000000        4.55780625000000      -0.208116082821048     
   2.73548375000000        4.86152666666667      -0.199221620818375     
   2.73548375000000        5.16524708333333      -0.190859778405404     
   2.73548375000000        5.46896750000000      -0.183000280226235     
   2.73548375000000        5.77268791666667      -0.175680105887499     
   2.73548375000000        6.07640833333333      -0.168929422272904     
   2.73548375000000        6.38012875000000      -0.162659240236175     
   2.73548375000000        6.68384916666667      -0.156846482626169     
   2.73548375000000        6.98756958333333      -0.151813930711899     
   2.73548375000000        7.29129000000000      -0.147815680305574     
   3.03920416666667       2.000000000000000E-003 -0.358039379583832     
   3.03920416666667       0.305720416666667      -0.355998763648623     
   3.03920416666667       0.609440833333333      -0.349513604067932     
   3.03920416666667       0.913161250000000      -0.339416864891865     
   3.03920416666667        1.21688166666667      -0.327530247204581     
   3.03920416666667        1.52060208333333      -0.315230245117813     
   3.03920416666667        1.82432250000000      -0.302841682388219     
   3.03920416666667        2.12804291666667      -0.290349445439704     
   3.03920416666667        2.43176333333333      -0.277774588200397     
   3.03920416666667        2.73548375000000      -0.265262802067578     
   3.03920416666667        3.03920416666667      -0.253069016304175     
   3.03920416666667        3.34292458333333      -0.241464673814080     
   3.03920416666667        3.64664500000000      -0.230632346998873     
   3.03920416666667        3.95036541666667      -0.220611915086922     
   3.03920416666667        4.25408583333333      -0.211321655137864     
   3.03920416666667        4.55780625000000      -0.202630320647174     
   3.03920416666667        4.86152666666667      -0.194432192102764     
   3.03920416666667        5.16524708333333      -0.186690783461074     
   3.03920416666667        5.46896750000000      -0.179442092506318     
   3.03920416666667        5.77268791666667      -0.172759331566495     
   3.03920416666667        6.07640833333333      -0.166669788127494     
   3.03920416666667        6.38012875000000      -0.161068237380102     
   3.03920416666667        6.68384916666667      -0.155896687080129     
   3.03920416666667        6.98756958333333      -0.151229833833676     
   3.03920416666667        7.29129000000000      -0.147736797007504     
   3.34292458333333       2.000000000000000E-003 -0.329795501397140     
   3.34292458333333       0.305720416666667      -0.329140357064782     
   3.34292458333333       0.609440833333333      -0.323900081631513     
   3.34292458333333       0.913161250000000      -0.314543122638655     
   3.34292458333333        1.21688166666667      -0.303804272632005     
   3.34292458333333        1.52060208333333      -0.293261810239987     
   3.34292458333333        1.82432250000000      -0.283046323345896     
   3.34292458333333        2.12804291666667      -0.272767377076809     
   3.34292458333333        2.43176333333333      -0.262324928731272     
   3.34292458333333        2.73548375000000      -0.251816400393608     
   3.34292458333333        3.03920416666667      -0.241464670010122     
   3.34292458333333        3.34292458333333      -0.231507618352905     
   3.34292458333333        3.64664500000000      -0.222098583392589     
   3.34292458333333        3.95036541666667      -0.213266225478664     
   3.34292458333333        4.25408583333333      -0.204946534916466     
   3.34292458333333        4.55780625000000      -0.197057023473441     
   3.34292458333333        4.86152666666667      -0.189558703077742     
   3.34292458333333        5.16524708333333      -0.182477175000800     
   3.34292458333333        5.46896750000000      -0.175892770435655     
   3.34292458333333        5.77268791666667      -0.169915147713053     
   3.34292458333333        6.07640833333333      -0.164642442808465     
   3.34292458333333        6.38012875000000      -0.160086900290203     
   3.34292458333333        6.68384916666667      -0.155880048780070     
   3.34292458333333        6.98756958333333      -0.151597897306095     
   3.34292458333333        7.29129000000000      -0.148355162886853     
   3.64664500000000       2.000000000000000E-003 -0.307348727145098     
   3.64664500000000       0.305720416666667      -0.301630918643628     
   3.64664500000000       0.609440833333333      -0.297664609652328     
   3.64664500000000       0.913161250000000      -0.290578902085830     
   3.64664500000000        1.21688166666667      -0.282037828864754     
   3.64664500000000        1.52060208333333      -0.273506034868228     
   3.64664500000000        1.82432250000000      -0.265203626866859     
   3.64664500000000        2.12804291666667      -0.256795797142783     
   3.64664500000000        2.43176333333333      -0.248169227101930     
   3.64664500000000        2.73548375000000      -0.239388117628473     
   3.64664500000000        3.03920416666667      -0.230632323472515     
   3.64664500000000        3.34292458333333      -0.222098569874437     
   3.64664500000000        3.64664500000000      -0.213916051929785     
   3.64664500000000        3.95036541666667      -0.206117296224382     
   3.64664500000000        4.25408583333333      -0.198668485020353     
   3.64664500000000        4.55780625000000      -0.191533902684595     
   3.64664500000000        4.86152666666667      -0.184720662687843     
   3.64664500000000        5.16524708333333      -0.178286651225800     
   3.64664500000000        5.46896750000000      -0.172331017035677     
   3.64664500000000        5.77268791666667      -0.166992220550423     
   3.64664500000000        6.07640833333333      -0.162478682217644     
   3.64664500000000        6.38012875000000      -0.158914318651113     
   3.64664500000000        6.68384916666667      -0.155847791530415     
   3.64664500000000        6.98756958333333      -0.152350969252449     
   3.64664500000000        7.29129000000000      -0.149376877553606     
   3.95036541666667       2.000000000000000E-003 -0.274511882809724     
   3.95036541666667       0.305720416666667      -0.273239417217525     
   3.95036541666667       0.609440833333333      -0.271396135675164     
   3.95036541666667       0.913161250000000      -0.267389378476861     
   3.95036541666667        1.21688166666667      -0.261781781164952     
   3.95036541666667        1.52060208333333      -0.255597225004459     
   3.95036541666667        1.82432250000000      -0.249139316580607     
   3.95036541666667        2.12804291666667      -0.242401875277229     
   3.95036541666667        2.43176333333333      -0.235344912200855     
   3.95036541666667        2.73548375000000      -0.228029845758006     
   3.95036541666667        3.03920416666667      -0.220611872318883     
   3.95036541666667        3.34292458333333      -0.213266199109392     
   3.95036541666667        3.64664500000000      -0.206117285501656     
   3.95036541666667        3.95036541666667      -0.199214017702665     
   3.95036541666667        4.25408583333333      -0.192554050931329     
   3.95036541666667        4.55780625000000      -0.186132236618024     
   3.95036541666667        4.86152666666667      -0.179972268002509     
   3.95036541666667        5.16524708333333      -0.174132448162697     
   3.95036541666667        5.46896750000000      -0.168703949324522     
   3.95036541666667        5.77268791666667      -0.163822015062838     
   3.95036541666667        6.07640833333333      -0.159714683203464     
   3.95036541666667        6.38012875000000      -0.156550069561549     
   3.95036541666667        6.68384916666667      -0.153845648811666     
   3.95036541666667        6.98756958333333      -0.150323627061291     
   3.95036541666667        7.29129000000000      -0.145198010811717     
   4.25408583333333       2.000000000000000E-003 -0.249654026502788     
   4.25408583333333       0.305720416666667      -0.249714480207109     
   4.25408583333333       0.609440833333333      -0.249253977613000     
   4.25408583333333       0.913161250000000      -0.247310043447797     
   4.25408583333333        1.21688166666667      -0.244053561931745     
   4.25408583333333        1.52060208333333      -0.239762570124706     
   4.25408583333333        1.82432250000000      -0.234883755474670     
   4.25408583333333        2.12804291666667      -0.229554341007605     
   4.25408583333333        2.43176333333333      -0.223789040252340     
   4.25408583333333        2.73548375000000      -0.217660687243601     
   4.25408583333333        3.03920416666667      -0.211321610927188     
   4.25408583333333        3.34292458333333      -0.204946507258228     
   4.25408583333333        3.64664500000000      -0.198668472426103     
   4.25408583333333        3.95036541666667      -0.192554048857599     
   4.25408583333333        4.25408583333333      -0.186620406389762     
   4.25408583333333        4.55780625000000      -0.180870626900399     
   4.25408583333333        4.86152666666667      -0.175319568475150     
   4.25408583333333        5.16524708333333      -0.170004350934501     
   4.25408583333333        5.46896750000000      -0.164990994630102     
   4.25408583333333        5.77268791666667      -0.160383548807019     
   4.25408583333333        6.07640833333333      -0.156330556739661     
   4.25408583333333        6.38012875000000      -0.152941420818524     
   4.25408583333333        6.68384916666667      -0.149797776500518     
   4.25408583333333        6.98756958333333      -0.145985845517826     
   4.25408583333333        7.29129000000000      -0.141242063193659     
   4.55780625000000       2.000000000000000E-003 -0.233207429971405     
   4.55780625000000       0.305720416666667      -0.233154208112332     
   4.55780625000000       0.609440833333333      -0.232743755322957     
   4.55780625000000       0.913161250000000      -0.231559239325094     
   4.55780625000000        1.21688166666667      -0.229315106819342     
   4.55780625000000        1.52060208333333      -0.226167396417464     
   4.55780625000000        1.82432250000000      -0.222413850534828     
   4.55780625000000        2.12804291666667      -0.218129320517177     
   4.55780625000000        2.43176333333333      -0.213335338924344     
   4.55780625000000        2.73548375000000      -0.208116050051608     
   4.55780625000000        3.03920416666667      -0.202630295107395     
   4.55780625000000        3.34292458333333      -0.197057006342179     
   4.55780625000000        3.64664500000000      -0.191533896239587     
   4.55780625000000        3.95036541666667      -0.186132241085408     
   4.55780625000000        4.25408583333333      -0.180870636329155     
   4.55780625000000        4.55780625000000      -0.175744016678350     
   4.55780625000000        4.86152666666667      -0.170747940450303     
   4.55780625000000        5.16524708333333      -0.165894955040553     
   4.55780625000000        5.46896750000000      -0.161226026857793     
   4.55780625000000        5.77268791666667      -0.156813866451305     
   4.55780625000000        6.07640833333333      -0.152741076246461     
   4.55780625000000        6.38012875000000      -0.149018567040428     
   4.55780625000000        6.68384916666667      -0.145428570617985     
   4.55780625000000        6.98756958333333      -0.141587703013843     
   4.55780625000000        7.29129000000000      -0.137507523049932     
   4.86152666666667       2.000000000000000E-003 -0.221377696571359     
   4.86152666666667       0.305720416666667      -0.221169917736515     
   4.86152666666667       0.609440833333333      -0.220510658039603     
   4.86152666666667       0.913161250000000      -0.219201385079513     
   4.86152666666667        1.21688166666667      -0.217203745253141     
   4.86152666666667        1.52060208333333      -0.214619642811813     
   4.86152666666667        1.82432250000000      -0.211514183089182     
   4.86152666666667        2.12804291666667      -0.207888570679445     
   4.86152666666667        2.43176333333333      -0.203760025524417     
   4.86152666666667        2.73548375000000      -0.199221623456734     
   4.86152666666667        3.03920416666667      -0.194432186177003     
   4.86152666666667        3.34292458333333      -0.189558692534276     
   4.86152666666667        3.64664500000000      -0.184720658454423     
   4.86152666666667        3.95036541666667      -0.179972280136565     
   4.86152666666667        4.25408583333333      -0.175319596881588     
   4.86152666666667        4.55780625000000      -0.170747969085400     
   4.86152666666667        4.86152666666667      -0.166243499608763     
   4.86152666666667        5.16524708333333      -0.161808045629618     
   4.86152666666667        5.46896750000000      -0.157469603880238     
   4.86152666666667        5.77268791666667      -0.153282028011745     
   4.86152666666667        6.07640833333333      -0.149300898521406     
   4.86152666666667        6.38012875000000      -0.145530391195984     
   4.86152666666667        6.68384916666667      -0.141871330793357     
   4.86152666666667        6.98756958333333      -0.138191980120501     
   4.86152666666667        7.29129000000000      -0.134625449419432     
   5.16524708333333       2.000000000000000E-003 -0.212074387003728     
   5.16524708333333       0.305720416666667      -0.211717678174197     
   5.16524708333333       0.609440833333333      -0.210709618707111     
   5.16524708333333       0.913161250000000      -0.209137949956205     
   5.16524708333333        1.21688166666667      -0.207107892599062     
   5.16524708333333        1.52060208333333      -0.204674222357198     
   5.16524708333333        1.82432250000000      -0.201828831403509     
   5.16524708333333        2.12804291666667      -0.198548735033244     
   5.16524708333333        2.43176333333333      -0.194859464243666     
   5.16524708333333        2.73548375000000      -0.190859792414799     
   5.16524708333333        3.03920416666667      -0.186690769211856     
   5.16524708333333        3.34292458333333      -0.182477143242671     
   5.16524708333333        3.64664500000000      -0.178286625971334     
   5.16524708333333        3.95036541666667      -0.174132453837869     
   5.16524708333333        4.25408583333333      -0.170004396848570     
   5.16524708333333        4.55780625000000      -0.165895025360421     
   5.16524708333333        4.86152666666667      -0.161808102594414     
   5.16524708333333        5.16524708333333      -0.157759028352430     
   5.16524708333333        5.46896750000000      -0.153776182015363     
   5.16524708333333        5.77268791666667      -0.149898733181714     
   5.16524708333333        6.07640833333333      -0.146159391884880     
   5.16524708333333        6.38012875000000      -0.142558695380565     
   5.16524708333333        6.68384916666667      -0.139073660026829     
   5.16524708333333        6.98756958333333      -0.135742372680770     
   5.16524708333333        7.29129000000000      -0.132595061746905     
   5.46896750000000       2.000000000000000E-003 -0.204028574973400     
   5.46896750000000       0.305720416666667      -0.203610106048032     
   5.46896750000000       0.609440833333333      -0.202423797440511     
   5.46896750000000       0.913161250000000      -0.200628617669628     
   5.46896750000000        1.21688166666667      -0.198390176390402     
   5.46896750000000        1.52060208333333      -0.195835402013091     
   5.46896750000000        1.82432250000000      -0.193004522619905     
   5.46896750000000        2.12804291666667      -0.189883841340762     
   5.46896750000000        2.43176333333333      -0.186515887941558     
   5.46896750000000        2.73548375000000      -0.183000265746686     
   5.46896750000000        3.03920416666667      -0.179442029364850     
   5.46896750000000        3.34292458333333      -0.175892678064505     
   5.46896750000000        3.64664500000000      -0.172330933082236     
   5.46896750000000        3.95036541666667      -0.168703915911598     
   5.46896750000000        4.25408583333333      -0.164991036239920     
   5.46896750000000        4.55780625000000      -0.161226132313231     
   5.46896750000000        4.86152666666667      -0.157469729172809     
   5.46896750000000        5.16524708333333      -0.153776270529768     
   5.46896750000000        5.46896750000000      -0.150182262508261     
   5.46896750000000        5.77268791666667      -0.146705821037899     
   5.46896750000000        6.07640833333333      -0.143341515572086     
   5.46896750000000        6.38012875000000      -0.140097803268877     
   5.46896750000000        6.68384916666667      -0.136994837364078     
   5.46896750000000        6.98756958333333      -0.134028333825066     
   5.46896750000000        7.29129000000000      -0.131216528210611     
   5.77268791666667       2.000000000000000E-003 -0.196034232328006     
   5.77268791666667       0.305720416666667      -0.195678675280239     
   5.77268791666667       0.609440833333333      -0.194585764216238     
   5.77268791666667       0.913161250000000      -0.192749033409363     
   5.77268791666667        1.21688166666667      -0.190384457605791     
   5.77268791666667        1.52060208333333      -0.187696509388897     
   5.77268791666667        1.82432250000000      -0.184803344160386     
   5.77268791666667        2.12804291666667      -0.181786637332287     
   5.77268791666667        2.43176333333333      -0.178712167446980     
   5.77268791666667        2.73548375000000      -0.175680045214445     
   5.77268791666667        3.03920416666667      -0.172759206898983     
   5.77268791666667        3.34292458333333      -0.169914976761340     
   5.77268791666667        3.64664500000000      -0.166992039527807     
   5.77268791666667        3.95036541666667      -0.163821887960231     
   5.77268791666667        4.25408583333333      -0.160383535547490     
   5.77268791666667        4.55780625000000      -0.156813973325100     
   5.77268791666667        4.86152666666667      -0.153282209021194     
   5.77268791666667        5.16524708333333      -0.149898924722894     
   5.77268791666667        5.46896750000000      -0.146705959420929     
   5.77268791666667        5.77268791666667      -0.143697350957814     
   5.77268791666667        6.07640833333333      -0.140832849173869     
   5.77268791666667        6.38012875000000      -0.138080257287229     
   5.77268791666667        6.68384916666667      -0.135416182696334     
   5.77268791666667        6.98756958333333      -0.132818848399265     
   5.77268791666667        7.29129000000000      -0.130284204387728     
   6.07640833333333       2.000000000000000E-003 -0.186944826212117     
   6.07640833333333       0.305720416666667      -0.187015516285982     
   6.07640833333333       0.609440833333333      -0.186579598915812     
   6.07640833333333       0.913161250000000      -0.185044216437204     
   6.07640833333333        1.21688166666667      -0.182711829956230     
   6.07640833333333        1.52060208333333      -0.179999623710633     
   6.07640833333333        1.82432250000000      -0.177124558117212     
   6.07640833333333        2.12804291666667      -0.174253194320620     
   6.07640833333333        2.43176333333333      -0.171484346012285     
   6.07640833333333        2.73548375000000      -0.168929354195564     
   6.07640833333333        3.03920416666667      -0.166669667515101     
   6.07640833333333        3.34292458333333      -0.164642243950882     
   6.07640833333333        3.64664500000000      -0.162478377590523     
   6.07640833333333        3.95036541666667      -0.159714345556416     
   6.07640833333333        4.25408583333333      -0.156330385985911     
   6.07640833333333        4.55780625000000      -0.152741127030583     
   6.07640833333333        4.86152666666667      -0.149301110320473     
   6.07640833333333        5.16524708333333      -0.146159698690048     
   6.07640833333333        5.46896750000000      -0.143341860289503     
   6.07640833333333        5.77268791666667      -0.140833061114724     
   6.07640833333333        6.07640833333333      -0.138516239491806     
   6.07640833333333        6.38012875000000      -0.136304536382873     
   6.07640833333333        6.68384916666667      -0.134120768198385     
   6.07640833333333        6.98756958333333      -0.131886634390520     
   6.07640833333333        7.29129000000000      -0.129597452653177     
   6.38012875000000       2.000000000000000E-003 -0.176099329926722     
   6.38012875000000       0.305720416666667      -0.177513056398451     
   6.38012875000000       0.609440833333333      -0.178716010296310     
   6.38012875000000       0.913161250000000      -0.177661793022594     
   6.38012875000000        1.21688166666667      -0.175408279434204     
   6.38012875000000        1.52060208333333      -0.172770706725842     
   6.38012875000000        1.82432250000000      -0.170003540528783     
   6.38012875000000        2.12804291666667      -0.167320108600052     
   6.38012875000000        2.43176333333333      -0.164849023275192     
   6.38012875000000        2.73548375000000      -0.162659258765748     
   6.38012875000000        3.03920416666667      -0.161068271570485     
   6.38012875000000        3.34292458333333      -0.160086848134316     
   6.38012875000000        3.64664500000000      -0.158914076985005     
   6.38012875000000        3.95036541666667      -0.156549696054194     
   6.38012875000000        4.25408583333333      -0.152941088002992     
   6.38012875000000        4.55780625000000      -0.149018501353445     
   6.38012875000000        4.86152666666667      -0.145530626828625     
   6.38012875000000        5.16524708333333      -0.142559150681973     
   6.38012875000000        5.46896750000000      -0.140098371489896     
   6.38012875000000        5.77268791666667      -0.138080605615070     
   6.38012875000000        6.07640833333333      -0.136304581589313     
   6.38012875000000        6.38012875000000      -0.134656573739952     
   6.38012875000000        6.68384916666667      -0.133002082986310     
   6.38012875000000        6.98756958333333      -0.131125254831364     
   6.38012875000000        7.29129000000000      -0.129020299585350     
   6.68384916666667       2.000000000000000E-003 -0.164989885551127     
   6.68384916666667       0.305720416666667      -0.169500042029288     
   6.68384916666667       0.609440833333333      -0.172385148629264     
   6.68384916666667       0.913161250000000      -0.170999849288505     
   6.68384916666667        1.21688166666667      -0.168620390721191     
   6.68384916666667        1.52060208333333      -0.166121634083604     
   6.68384916666667        1.82432250000000      -0.163544999656437     
   6.68384916666667        2.12804291666667      -0.161031357585992     
   6.68384916666667        2.43176333333333      -0.158789573144712     
   6.68384916666667        2.73548375000000      -0.156846633716980     
   6.68384916666667        3.03920416666667      -0.155896872725512     
   6.68384916666667        3.34292458333333      -0.155880024944384     
   6.68384916666667        3.64664500000000      -0.155847412611210     
   6.68384916666667        3.95036541666667      -0.153845140699306     
   6.68384916666667        4.25408583333333      -0.149797459114137     
   6.68384916666667        4.55780625000000      -0.145428531719069     
   6.68384916666667        4.86152666666667      -0.141871637325299     
   6.68384916666667        5.16524708333333      -0.139074308544748     
   6.68384916666667        5.46896750000000      -0.136995551799792     
   6.68384916666667        5.77268791666667      -0.135416516487504     
   6.68384916666667        6.07640833333333      -0.134120628777586     
   6.68384916666667        6.38012875000000      -0.133001781393731     
   6.68384916666667        6.68384916666667      -0.131945236372177     
   6.68384916666667        6.98756958333333      -0.130552813631590     
   6.68384916666667        7.29129000000000      -0.128549116608309     
   6.98756958333333       2.000000000000000E-003 -0.161804752984707     
   6.98756958333333       0.305720416666667      -0.167228223168128     
   6.98756958333333       0.609440833333333      -0.167425199515001     
   6.98756958333333       0.913161250000000      -0.164748080825673     
   6.98756958333333        1.21688166666667      -0.162365192305631     
   6.98756958333333        1.52060208333333      -0.160122511190343     
   6.98756958333333        1.82432250000000      -0.157786551122942     
   6.98756958333333        2.12804291666667      -0.155474002249894     
   6.98756958333333        2.43176333333333      -0.153383236827377     
   6.98756958333333        2.73548375000000      -0.151814199307527     
   6.98756958333333        3.03920416666667      -0.151230069030659     
   6.98756958333333        3.34292458333333      -0.151597800471216     
   6.98756958333333        3.64664500000000      -0.152350573578356     
   6.98756958333333        3.95036541666667      -0.150323178183887     
   6.98756958333333        4.25408583333333      -0.145985714978827     
   6.98756958333333        4.55780625000000      -0.141587882971871     
   6.98756958333333        4.86152666666667      -0.138192447795470     
   6.98756958333333        5.16524708333333      -0.135743184870378     
   6.98756958333333        5.46896750000000      -0.134029109389347     
   6.98756958333333        5.77268791666667      -0.132819094924721     
   6.98756958333333        6.07640833333333      -0.131886268733118     
   6.98756958333333        6.38012875000000      -0.131124560534614     
   6.98756958333333        6.68384916666667      -0.130552146435995     
   6.98756958333333        6.98756958333333      -0.130089137910564     
   6.98756958333333        7.29129000000000      -0.128468804310292     
   7.29129000000000       2.000000000000000E-003 -0.163400235915850     
   7.29129000000000       0.305720416666667      -0.162232038234638     
   7.29129000000000       0.609440833333333      -0.160642007076157     
   7.29129000000000       0.913161250000000      -0.158616585984895     
   7.29129000000000        1.21688166666667      -0.156739064629582     
   7.29129000000000        1.52060208333333      -0.154798331680291     
   7.29129000000000        1.82432250000000      -0.152704989285872     
   7.29129000000000        2.12804291666667      -0.150627454842925     
   7.29129000000000        2.43176333333333      -0.148867980726133     
   7.29129000000000        2.73548375000000      -0.147816033188933     
   7.29129000000000        3.03920416666667      -0.147737020769086     
   7.29129000000000        3.34292458333333      -0.148355014412300     
   7.29129000000000        3.64664500000000      -0.149376672187610     
   7.29129000000000        3.95036541666667      -0.145198071001075     
   7.29129000000000        4.25408583333333      -0.141242422100899     
   7.29129000000000        4.55780625000000      -0.137508036879114     
   7.29129000000000        4.86152666666667      -0.134626080788134     
   7.29129000000000        5.16524708333333      -0.132595955838795     
   7.29129000000000        5.46896750000000      -0.131217296790439     
   7.29129000000000        5.77268791666667      -0.130284407244992     
   7.29129000000000        6.07640833333333      -0.129597054119671     
   7.29129000000000        6.38012875000000      -0.129019536457864     
   7.29129000000000        6.68384916666667      -0.128548059874312     
   7.29129000000000        6.98756958333333      -0.128467947743597     
   7.29129000000000        7.29129000000000      -0.127175696493179     
