  2.000000000000000E-003  2.000000000000000E-003 -0.265203626866860     
  2.000000000000000E-003  0.305720416666667      -0.274787890822719     
  2.000000000000000E-003  0.609440833333333      -0.274950025967816     
  2.000000000000000E-003  0.913161250000000      -0.270744219956989     
  2.000000000000000E-003   1.21688166666667      -0.266141413886729     
  2.000000000000000E-003   1.52060208333333      -0.262047476244094     
  2.000000000000000E-003   1.82432250000000      -0.258677857198522     
  2.000000000000000E-003   2.12804291666667      -0.256381324387486     
  2.000000000000000E-003   2.43176333333333      -0.255813748823922     
  2.000000000000000E-003   2.73548375000000      -0.256948891887879     
  2.000000000000000E-003   3.03920416666667      -0.258237115030739     
  2.000000000000000E-003   3.34292458333333      -0.255724280125317     
  2.000000000000000E-003   3.64664500000000      -0.249283466345481     
  2.000000000000000E-003   3.95036541666667      -0.242551195191731     
  2.000000000000000E-003   4.25408583333333      -0.233083190616362     
  2.000000000000000E-003   4.55780625000000      -0.220721641776935     
  2.000000000000000E-003   4.86152666666667      -0.209335582707648     
  2.000000000000000E-003   5.16524708333333      -0.200366917601759     
  2.000000000000000E-003   5.46896750000000      -0.193805621431396     
  2.000000000000000E-003   5.77268791666667      -0.188949220873612     
  2.000000000000000E-003   6.07640833333333      -0.185541161361687     
  2.000000000000000E-003   6.38012875000000      -0.183617200656568     
  2.000000000000000E-003   6.68384916666667      -0.182721480857192     
  2.000000000000000E-003   6.98756958333333      -0.179352693809958     
  2.000000000000000E-003   7.29129000000000      -0.172589737636098     
  0.305720416666667       2.000000000000000E-003 -0.285835922075934     
  0.305720416666667       0.305720416666667      -0.278779230741634     
  0.305720416666667       0.609440833333333      -0.280944062841364     
  0.305720416666667       0.913161250000000      -0.283890173561404     
  0.305720416666667        1.21688166666667      -0.282771013944932     
  0.305720416666667        1.52060208333333      -0.279916751706174     
  0.305720416666667        1.82432250000000      -0.276819060823494     
  0.305720416666667        2.12804291666667      -0.274299214130566     
  0.305720416666667        2.43176333333333      -0.273096706221308     
  0.305720416666667        2.73548375000000      -0.272965701541326     
  0.305720416666667        3.03920416666667      -0.271947189525613     
  0.305720416666667        3.34292458333333      -0.266520200740861     
  0.305720416666667        3.64664500000000      -0.256462623244910     
  0.305720416666667        3.95036541666667      -0.247569514372630     
  0.305720416666667        4.25408583333333      -0.238173970260229     
  0.305720416666667        4.55780625000000      -0.226962630321920     
  0.305720416666667        4.86152666666667      -0.216366574038615     
  0.305720416666667        5.16524708333333      -0.207527873975266     
  0.305720416666667        5.46896750000000      -0.200517650139071     
  0.305720416666667        5.77268791666667      -0.194952326864850     
  0.305720416666667        6.07640833333333      -0.190493710534279     
  0.305720416666667        6.38012875000000      -0.186848350744747     
  0.305720416666667        6.68384916666667      -0.183244389252407     
  0.305720416666667        6.98756958333333      -0.179459221674240     
  0.305720416666667        7.29129000000000      -0.176977200687314     
  0.609440833333333       2.000000000000000E-003 -0.297301667282525     
  0.609440833333333       0.305720416666667      -0.295800384999283     
  0.609440833333333       0.609440833333333      -0.295073043637490     
  0.609440833333333       0.913161250000000      -0.298579912034929     
  0.609440833333333        1.21688166666667      -0.299828895138368     
  0.609440833333333        1.52060208333333      -0.298704586264516     
  0.609440833333333        1.82432250000000      -0.296385576495477     
  0.609440833333333        2.12804291666667      -0.293867677835588     
  0.609440833333333        2.43176333333333      -0.291827027871427     
  0.609440833333333        2.73548375000000      -0.289925262211426     
  0.609440833333333        3.03920416666667      -0.286129881931900     
  0.609440833333333        3.34292458333333      -0.278034902762653     
  0.609440833333333        3.64664500000000      -0.266293590563245     
  0.609440833333333        3.95036541666667      -0.254892337086365     
  0.609440833333333        4.25408583333333      -0.244227736865126     
  0.609440833333333        4.55780625000000      -0.233492917682484     
  0.609440833333333        4.86152666666667      -0.223605721232263     
  0.609440833333333        5.16524708333333      -0.214737732504371     
  0.609440833333333        5.46896750000000      -0.207226796357246     
  0.609440833333333        5.77268791666667      -0.200851646735133     
  0.609440833333333        6.07640833333333      -0.195259832807823     
  0.609440833333333        6.38012875000000      -0.190181061968479     
  0.609440833333333        6.68384916666667      -0.185480764134614     
  0.609440833333333        6.98756958333333      -0.181860363313510     
  0.609440833333333        7.29129000000000      -0.177856895715479     
  0.913161250000000       2.000000000000000E-003 -0.299718839451291     
  0.913161250000000       0.305720416666667      -0.307001022768658     
  0.913161250000000       0.609440833333333      -0.310931412017118     
  0.913161250000000       0.913161250000000      -0.315236255810162     
  0.913161250000000        1.21688166666667      -0.318098050965358     
  0.913161250000000        1.52060208333333      -0.318663351134682     
  0.913161250000000        1.82432250000000      -0.317368021980872     
  0.913161250000000        2.12804291666667      -0.315022406746639     
  0.913161250000000        2.43176333333333      -0.312272346108689     
  0.913161250000000        2.73548375000000      -0.308569896609569     
  0.913161250000000        3.03920416666667      -0.302702081133983     
  0.913161250000000        3.34292458333333      -0.293143603350860     
  0.913161250000000        3.64664500000000      -0.280405280751536     
  0.913161250000000        3.95036541666667      -0.266816124874739     
  0.913161250000000        4.25408583333333      -0.253896356967249     
  0.913161250000000        4.55780625000000      -0.242138775962677     
  0.913161250000000        4.86152666666667      -0.231654491677142     
  0.913161250000000        5.16524708333333      -0.222228616453489     
  0.913161250000000        5.46896750000000      -0.213922804930046     
  0.913161250000000        5.77268791666667      -0.206592398628885     
  0.913161250000000        6.07640833333333      -0.199901431159686     
  0.913161250000000        6.38012875000000      -0.193749347230294     
  0.913161250000000        6.68384916666667      -0.188203315620876     
  0.913161250000000        6.98756958333333      -0.183184937061318     
  0.913161250000000        7.29129000000000      -0.177453394265786     
   1.21688166666667       2.000000000000000E-003 -0.304875966157331     
   1.21688166666667       0.305720416666667      -0.316594601955075     
   1.21688166666667       0.609440833333333      -0.325578580128549     
   1.21688166666667       0.913161250000000      -0.332972071368060     
   1.21688166666667        1.21688166666667      -0.338214255266147     
   1.21688166666667        1.52060208333333      -0.340644732160314     
   1.21688166666667        1.82432250000000      -0.340328697306508     
   1.21688166666667        2.12804291666667      -0.338167627798811     
   1.21688166666667        2.43176333333333      -0.334615185414550     
   1.21688166666667        2.73548375000000      -0.329111229848327     
   1.21688166666667        3.03920416666667      -0.321039156406309     
   1.21688166666667        3.34292458333333      -0.309922374624255     
   1.21688166666667        3.64664500000000      -0.295954121290547     
   1.21688166666667        3.95036541666667      -0.280630528210423     
   1.21688166666667        4.25408583333333      -0.265692705483522     
   1.21688166666667        4.55780625000000      -0.252223156006684     
   1.21688166666667        4.86152666666667      -0.240394043585518     
   1.21688166666667        5.16524708333333      -0.229936199983662     
   1.21688166666667        5.46896750000000      -0.220554828535355     
   1.21688166666667        5.77268791666667      -0.212058107461141     
   1.21688166666667        6.07640833333333      -0.204158745020539     
   1.21688166666667        6.38012875000000      -0.196829250406622     
   1.21688166666667        6.68384916666667      -0.190105056958967     
   1.21688166666667        6.98756958333333      -0.183752849981237     
   1.21688166666667        7.29129000000000      -0.177151309728621     
   1.52060208333333       2.000000000000000E-003 -0.315562632152347     
   1.52060208333333       0.305720416666667      -0.330037338022504     
   1.52060208333333       0.609440833333333      -0.342919771614968     
   1.52060208333333       0.913161250000000      -0.353963507829995     
   1.52060208333333        1.21688166666667      -0.362187633987674     
   1.52060208333333        1.52060208333333      -0.366564846219375     
   1.52060208333333        1.82432250000000      -0.367022518265008     
   1.52060208333333        2.12804291666667      -0.364424048704345     
   1.52060208333333        2.43176333333333      -0.359138084397942     
   1.52060208333333        2.73548375000000      -0.351299524532678     
   1.52060208333333        3.03920416666667      -0.340812605679857     
   1.52060208333333        3.34292458333333      -0.327562601938366     
   1.52060208333333        3.64664500000000      -0.311901713987548     
   1.52060208333333        3.95036541666667      -0.294938177562346     
   1.52060208333333        4.25408583333333      -0.278194161997490     
   1.52060208333333        4.55780625000000      -0.262884514756576     
   1.52060208333333        4.86152666666667      -0.249462882759636     
   1.52060208333333        5.16524708333333      -0.237687524993955     
   1.52060208333333        5.46896750000000      -0.227052231518573     
   1.52060208333333        5.77268791666667      -0.217219510315708     
   1.52060208333333        6.07640833333333      -0.208009254609810     
   1.52060208333333        6.38012875000000      -0.199429147371957     
   1.52060208333333        6.68384916666667      -0.191563959273939     
   1.52060208333333        6.98756958333333      -0.184270147137292     
   1.52060208333333        7.29129000000000      -0.177209744594296     
   1.82432250000000       2.000000000000000E-003 -0.332407962549300     
   1.82432250000000       0.305720416666667      -0.349720820878690     
   1.82432250000000       0.609440833333333      -0.366338862692904     
   1.82432250000000       0.913161250000000      -0.381357736097369     
   1.82432250000000        1.21688166666667      -0.392944161288790     
   1.82432250000000        1.52060208333333      -0.399347321390037     
   1.82432250000000        1.82432250000000      -0.399968633985992     
   1.82432250000000        2.12804291666667      -0.395268835130851     
   1.82432250000000        2.43176333333333      -0.386452784449738     
   1.82432250000000        2.73548375000000      -0.374803361147582     
   1.82432250000000        3.03920416666667      -0.361047440187869     
   1.82432250000000        3.34292458333333      -0.345334332721847     
   1.82432250000000        3.64664500000000      -0.327802046704704     
   1.82432250000000        3.95036541666667      -0.309142358195623     
   1.82432250000000        4.25408583333333      -0.290608104795619     
   1.82432250000000        4.55780625000000      -0.273466388111773     
   1.82432250000000        4.86152666666667      -0.258377867624875     
   1.82432250000000        5.16524708333333      -0.245196576508352     
   1.82432250000000        5.46896750000000      -0.233308025566804     
   1.82432250000000        5.77268791666667      -0.222181902066471     
   1.82432250000000        6.07640833333333      -0.211671590238567     
   1.82432250000000        6.38012875000000      -0.201908661035382     
   1.82432250000000        6.68384916666667      -0.193067411527605     
   1.82432250000000        6.98756958333333      -0.185100461491620     
   1.82432250000000        7.29129000000000      -0.177731941653444     
   2.12804291666667       2.000000000000000E-003 -0.356420791524378     
   2.12804291666667       0.305720416666667      -0.377466867679207     
   2.12804291666667       0.609440833333333      -0.398482876613546     
   2.12804291666667       0.913161250000000      -0.418036701359902     
   2.12804291666667        1.21688166666667      -0.433219773453899     
   2.12804291666667        1.52060208333333      -0.441241198162192     
   2.12804291666667        1.82432250000000      -0.440560913115889     
   2.12804291666667        2.12804291666667      -0.431733588331646     
   2.12804291666667        2.43176333333333      -0.417138374468892     
   2.12804291666667        2.73548375000000      -0.399629766912014     
   2.12804291666667        3.03920416666667      -0.381125826603540     
   2.12804291666667        3.34292458333333      -0.362151197640796     
   2.12804291666667        3.64664500000000      -0.342495410124385     
   2.12804291666667        3.95036541666667      -0.322214297610774     
   2.12804291666667        4.25408583333333      -0.302090075500738     
   2.12804291666667        4.55780625000000      -0.283292438895721     
   2.12804291666667        4.86152666666667      -0.266639620527345     
   2.12804291666667        5.16524708333333      -0.252132377808655     
   2.12804291666667        5.46896750000000      -0.239134883206208     
   2.12804291666667        5.77268791666667      -0.226977073165437     
   2.12804291666667        6.07640833333333      -0.215429538898414     
   2.12804291666667        6.38012875000000      -0.204695815372152     
   2.12804291666667        6.68384916666667      -0.195053834586814     
   2.12804291666667        6.98756958333333      -0.186572444533937     
   2.12804291666667        7.29129000000000      -0.178935394093719     
   2.43176333333333       2.000000000000000E-003 -0.390014473468646     
   2.43176333333333       0.305720416666667      -0.415675409223089     
   2.43176333333333       0.609440833333333      -0.441834119498033     
   2.43176333333333       0.913161250000000      -0.465475641606310     
   2.43176333333333        1.21688166666667      -0.483203750787566     
   2.43176333333333        1.52060208333333      -0.491522809871535     
   2.43176333333333        1.82432250000000      -0.487999343219226     
   2.43176333333333        2.12804291666667      -0.473213967643846     
   2.43176333333333        2.43176333333333      -0.450805537710446     
   2.43176333333333        2.73548375000000      -0.425487088045916     
   2.43176333333333        3.03920416666667      -0.400691676838858     
   2.43176333333333        3.34292458333333      -0.377507021655202     
   2.43176333333333        3.64664500000000      -0.355356757770412     
   2.43176333333333        3.95036541666667      -0.333494183227467     
   2.43176333333333        4.25408583333333      -0.312020061780687     
   2.43176333333333        4.55780625000000      -0.291838458575985     
   2.43176333333333        4.86152666666667      -0.273847352222868     
   2.43176333333333        5.16524708333333      -0.258208136172444     
   2.43176333333333        5.46896750000000      -0.244324255486591     
   2.43176333333333        5.77268791666667      -0.231433322097397     
   2.43176333333333        6.07640833333333      -0.219213288427229     
   2.43176333333333        6.38012875000000      -0.207884077904440     
   2.43176333333333        6.68384916666667      -0.197797959397705     
   2.43176333333333        6.98756958333333      -0.188994734643054     
   2.43176333333333        7.29129000000000      -0.181184602438886     
   2.73548375000000       2.000000000000000E-003 -0.435058561753575     
   2.73548375000000       0.305720416666667      -0.466131408407538     
   2.73548375000000       0.609440833333333      -0.498241449422451     
   2.73548375000000       0.913161250000000      -0.524497050805062     
   2.73548375000000        1.21688166666667      -0.540377917446197     
   2.73548375000000        1.52060208333333      -0.546272415230234     
   2.73548375000000        1.82432250000000      -0.538339946521284     
   2.73548375000000        2.12804291666667      -0.516452852688375     
   2.73548375000000        2.43176333333333      -0.485157949318425     
   2.73548375000000        2.73548375000000      -0.450982333483244     
   2.73548375000000        3.03920416666667      -0.418995574114581     
   2.73548375000000        3.34292458333333      -0.390995594343069     
   2.73548375000000        3.64664500000000      -0.366090934170756     
   2.73548375000000        3.95036541666667      -0.342673395308227     
   2.73548375000000        4.25408583333333      -0.320060558310472     
   2.73548375000000        4.55780625000000      -0.298782421495512     
   2.73548375000000        4.86152666666667      -0.279732473329590     
   2.73548375000000        5.16524708333333      -0.263208645424404     
   2.73548375000000        5.46896750000000      -0.248684391077359     
   2.73548375000000        5.77268791666667      -0.235347653809067     
   2.73548375000000        6.07640833333333      -0.222801426388111     
   2.73548375000000        6.38012875000000      -0.211262499510115     
   2.73548375000000        6.68384916666667      -0.201118063996919     
   2.73548375000000        6.98756958333333      -0.192459338102128     
   2.73548375000000        7.29129000000000      -0.184750988153671     
   3.03920416666667       2.000000000000000E-003 -0.485956420143914     
   3.03920416666667       0.305720416666667      -0.523136154028036     
   3.03920416666667       0.609440833333333      -0.560947813776552     
   3.03920416666667       0.913161250000000      -0.590442404939622     
   3.03920416666667        1.21688166666667      -0.599186267719500     
   3.03920416666667        1.52060208333333      -0.598035065251636     
   3.03920416666667        1.82432250000000      -0.584428433624723     
   3.03920416666667        2.12804291666667      -0.555486678122559     
   3.03920416666667        2.43176333333333      -0.515808952805630     
   3.03920416666667        2.73548375000000      -0.473312602204187     
   3.03920416666667        3.03920416666667      -0.434523136269964     
   3.03920416666667        3.34292458333333      -0.401944428408458     
   3.03920416666667        3.64664500000000      -0.374434249840288     
   3.03920416666667        3.95036541666667      -0.349596209099599     
   3.03920416666667        4.25408583333333      -0.326038748240907     
   3.03920416666667        4.55780625000000      -0.303930772659432     
   3.03920416666667        4.86152666666667      -0.284108142622001     
   3.03920416666667        5.16524708333333      -0.266957888655283     
   3.03920416666667        5.46896750000000      -0.252023109471046     
   3.03920416666667        5.77268791666667      -0.238477724520200     
   3.03920416666667        6.07640833333333      -0.225900693917678     
   3.03920416666667        6.38012875000000      -0.214537073590510     
   3.03920416666667        6.68384916666667      -0.204673290268671     
   3.03920416666667        6.98756958333333      -0.196436921633270     
   3.03920416666667        7.29129000000000      -0.189070415294806     
   3.34292458333333       2.000000000000000E-003 -0.523129420416780     
   3.34292458333333       0.305720416666667      -0.568732418054049     
   3.34292458333333       0.609440833333333      -0.612924721212182     
   3.34292458333333       0.913161250000000      -0.643869913348330     
   3.34292458333333        1.21688166666667      -0.647928216839992     
   3.34292458333333        1.52060208333333      -0.636372101253309     
   3.34292458333333        1.82432250000000      -0.617342332704955     
   3.34292458333333        2.12804291666667      -0.583032592200072     
   3.34292458333333        2.43176333333333      -0.537301539864841     
   3.34292458333333        2.73548375000000      -0.488841482745808     
   3.34292458333333        3.03920416666667      -0.445171429495778     
   3.34292458333333        3.34292458333333      -0.409309966508386     
   3.34292458333333        3.64664500000000      -0.379923316187222     
   3.34292458333333        3.95036541666667      -0.354030831870624     
   3.34292458333333        4.25408583333333      -0.329783377651445     
   3.34292458333333        4.55780625000000      -0.307120962526327     
   3.34292458333333        4.86152666666667      -0.286815668919592     
   3.34292458333333        5.16524708333333      -0.269293228929236     
   3.34292458333333        5.46896750000000      -0.254140816826739     
   3.34292458333333        5.77268791666667      -0.240537125930146     
   3.34292458333333        6.07640833333333      -0.228083000380716     
   3.34292458333333        6.38012875000000      -0.216974225772450     
   3.34292458333333        6.68384916666667      -0.207284267974653     
   3.34292458333333        6.98756958333333      -0.199240334283960     
   3.34292458333333        7.29129000000000      -0.192111550909853     
   3.64664500000000       2.000000000000000E-003 -0.528038836253154     
   3.64664500000000       0.305720416666667      -0.584177709257397     
   3.64664500000000       0.609440833333333      -0.633240361653496     
   3.64664500000000       0.913161250000000      -0.664567411919441     
   3.64664500000000        1.21688166666667      -0.666871465408826     
   3.64664500000000        1.52060208333333      -0.650739883859723     
   3.64664500000000        1.82432250000000      -0.629359135436547     
   3.64664500000000        2.12804291666667      -0.593016122352866     
   3.64664500000000        2.43176333333333      -0.545068829236504     
   3.64664500000000        2.73548375000000      -0.494439089119503     
   3.64664500000000        3.03920416666667      -0.448997604064945     
   3.64664500000000        3.34292458333333      -0.411952208541062     
   3.64664500000000        3.64664500000000      -0.381887157909963     
   3.64664500000000        3.95036541666667      -0.355591836277631     
   3.64664500000000        4.25408583333333      -0.331074962430211     
   3.64664500000000        4.55780625000000      -0.308208652040141     
   3.64664500000000        4.86152666666667      -0.287736213417880     
   3.64664500000000        5.16524708333333      -0.270091052701484     
   3.64664500000000        5.46896750000000      -0.254873720786044     
   3.64664500000000        5.77268791666667      -0.241267703917452     
   3.64664500000000        6.07640833333333      -0.228888444407615     
   3.64664500000000        6.38012875000000      -0.217887551588911     
   3.64664500000000        6.68384916666667      -0.208201979531473     
   3.64664500000000        6.98756958333333      -0.200116592380560     
   3.64664500000000        7.29129000000000      -0.193955237530196     
   3.95036541666667       2.000000000000000E-003 -0.523049078283829     
   3.95036541666667       0.305720416666667      -0.568689921040640     
   3.95036541666667       0.609440833333333      -0.612907322656773     
   3.95036541666667       0.913161250000000      -0.643871241030806     
   3.95036541666667        1.21688166666667      -0.647942073163355     
   3.95036541666667        1.52060208333333      -0.636395009587481     
   3.95036541666667        1.82432250000000      -0.617370889892604     
   3.95036541666667        2.12804291666667      -0.583062964398433     
   3.95036541666667        2.43176333333333      -0.537330680996168     
   3.95036541666667        2.73548375000000      -0.488867796914555     
   3.95036541666667        3.03920416666667      -0.445194598095065     
   3.95036541666667        3.34292458333333      -0.409330335193353     
   3.95036541666667        3.64664500000000      -0.379941220919377     
   3.95036541666667        3.95036541666667      -0.354046382277937     
   3.95036541666667        4.25408583333333      -0.329796712891528     
   3.95036541666667        4.55780625000000      -0.307132585211914     
   3.95036541666667        4.86152666666667      -0.286826710969722     
   3.95036541666667        5.16524708333333      -0.269305448099063     
   3.95036541666667        5.46896750000000      -0.254156454553566     
   3.95036541666667        5.77268791666667      -0.240559671339304     
   3.95036541666667        6.07640833333333      -0.228121110745859     
   3.95036541666667        6.38012875000000      -0.217041591123925     
   3.95036541666667        6.68384916666667      -0.207389598191541     
   3.95036541666667        6.98756958333333      -0.199359662246565     
   3.95036541666667        7.29129000000000      -0.192155112284348     
   4.25408583333333       2.000000000000000E-003 -0.485820992403600     
   4.25408583333333       0.305720416666667      -0.523049991900650     
   4.25408583333333       0.609440833333333      -0.560911657717514     
   4.25408583333333       0.913161250000000      -0.590441584266980     
   4.25408583333333        1.21688166666667      -0.599208753028261     
   4.25408583333333        1.52060208333333      -0.598074403169851     
   4.25408583333333        1.82432250000000      -0.584478189706679     
   4.25408583333333        2.12804291666667      -0.555540135150433     
   4.25408583333333        2.43176333333333      -0.515860910418356     
   4.25408583333333        2.73548375000000      -0.473360308389925     
   4.25408583333333        3.03920416666667      -0.434566032269070     
   4.25408583333333        3.34292458333333      -0.401983076349488     
   4.25408583333333        3.64664500000000      -0.374469092085699     
   4.25408583333333        3.95036541666667      -0.349627205234910     
   4.25408583333333        4.25408583333333      -0.326065754929293     
   4.25408583333333        4.55780625000000      -0.303954351222173     
   4.25408583333333        4.86152666666667      -0.284130015057611     
   4.25408583333333        5.16524708333333      -0.266980818936405     
   4.25408583333333        5.46896750000000      -0.252050547456625     
   4.25408583333333        5.77268791666667      -0.238514168017133     
   4.25408583333333        6.07640833333333      -0.225954933914939     
   4.25408583333333        6.38012875000000      -0.214625252852188     
   4.25408583333333        6.68384916666667      -0.204797485978989     
   4.25408583333333        6.98756958333333      -0.196564396497056     
   4.25408583333333        7.29129000000000      -0.189133531448869     
   4.55780625000000       2.000000000000000E-003 -0.434947441617943     
   4.55780625000000       0.305720416666667      -0.466052144723156     
   4.55780625000000       0.609440833333333      -0.498204941711681     
   4.55780625000000       0.913161250000000      -0.524495981883812     
   4.55780625000000        1.21688166666667      -0.540403360120192     
   4.55780625000000        1.52060208333333      -0.546318154372572     
   4.55780625000000        1.82432250000000      -0.538398764656047     
   4.55780625000000        2.12804291666667      -0.516517097126484     
   4.55780625000000        2.43176333333333      -0.485221663768791     
   4.55780625000000        2.73548375000000      -0.451042465492242     
   4.55780625000000        3.03920416666667      -0.419051676004801     
   4.55780625000000        3.34292458333333      -0.391048342659061     
   4.55780625000000        3.64664500000000      -0.366140639051169     
   4.55780625000000        3.95036541666667      -0.342719413044425     
   4.55780625000000        4.25408583333333      -0.320101854897545     
   4.55780625000000        4.55780625000000      -0.298818748687229     
   4.55780625000000        4.86152666666667      -0.279765144047102     
   4.55780625000000        5.16524708333333      -0.263240293292523     
   4.55780625000000        5.46896750000000      -0.248718238974724     
   4.55780625000000        5.77268791666667      -0.235386964672893     
   4.55780625000000        6.07640833333333      -0.222850310941025     
   4.55780625000000        6.38012875000000      -0.211327566443881     
   4.55780625000000        6.68384916666667      -0.201198351054312     
   4.55780625000000        6.98756958333333      -0.192529818888971     
   4.55780625000000        7.29129000000000      -0.184776703511221     
   4.86152666666667       2.000000000000000E-003 -0.389959685304308     
   4.86152666666667       0.305720416666667      -0.415634165110019     
   4.86152666666667       0.609440833333333      -0.441815135888494     
   4.86152666666667       0.913161250000000      -0.465478983755530     
   4.86152666666667        1.21688166666667      -0.483228039315292     
   4.86152666666667        1.52060208333333      -0.491565099998471     
   4.86152666666667        1.82432250000000      -0.488054247091680     
   4.86152666666667        2.12804291666667      -0.473275018395448     
   4.86152666666667        2.43176333333333      -0.450867682993215     
   4.86152666666667        2.73548375000000      -0.425548109044600     
   4.86152666666667        3.03920416666667      -0.400751962445845     
   4.86152666666667        3.34292458333333      -0.377567732653874     
   4.86152666666667        3.64664500000000      -0.355417932420956     
   4.86152666666667        3.95036541666667      -0.333554182821873     
   4.86152666666667        4.25408583333333      -0.312076208122929     
   4.86152666666667        4.55780625000000      -0.291888690146800     
   4.86152666666667        4.86152666666667      -0.273891273326635     
   4.86152666666667        5.16524708333333      -0.258247029534582     
   4.86152666666667        5.46896750000000      -0.244360000225560     
   4.86152666666667        5.77268791666667      -0.231467174343441     
   4.86152666666667        6.07640833333333      -0.219245108647356     
   4.86152666666667        6.38012875000000      -0.207912034356475     
   4.86152666666667        6.68384916666667      -0.197817093036092     
   4.86152666666667        6.98756958333333      -0.188994401378966     
   4.86152666666667        7.29129000000000      -0.181153585028626     
   5.16524708333333       2.000000000000000E-003 -0.356424266454528     
   5.16524708333333       0.305720416666667      -0.377471332699204     
   5.16524708333333       0.609440833333333      -0.398489757205580     
   5.16524708333333       0.913161250000000      -0.418048601903905     
   5.16524708333333        1.21688166666667      -0.433240493503321     
   5.16524708333333        1.52060208333333      -0.441272487156441     
   5.16524708333333        1.82432250000000      -0.440601000028743     
   5.16524708333333        2.12804291666667      -0.431778802574713     
   5.16524708333333        2.43176333333333      -0.417185917839918     
   5.16524708333333        2.73548375000000      -0.399679489543111     
   5.16524708333333        3.03920416666667      -0.381179887993682     
   5.16524708333333        3.34292458333333      -0.362212050653783     
   5.16524708333333        3.64664500000000      -0.342563341013851     
   5.16524708333333        3.95036541666667      -0.322286459605618     
   5.16524708333333        4.25408583333333      -0.302161331031587     
   5.16524708333333        4.55780625000000      -0.283357664426463     
   5.16524708333333        4.86152666666667      -0.266695517692968     
   5.16524708333333        5.16524708333333      -0.252177828538863     
   5.16524708333333        5.46896750000000      -0.239169922483491     
   5.16524708333333        5.77268791666667      -0.227001147119238     
   5.16524708333333        6.07640833333333      -0.215439837689622     
   5.16524708333333        6.38012875000000      -0.204686344395151     
   5.16524708333333        6.68384916666667      -0.195017181178719     
   5.16524708333333        6.98756958333333      -0.186506140648142     
   5.16524708333333        7.29129000000000      -0.178844558880422     
   5.46896750000000       2.000000000000000E-003 -0.332460797872277     
   5.46896750000000       0.305720416666667      -0.349775885399852     
   5.46896750000000       0.609440833333333      -0.366382127481645     
   5.46896750000000       0.913161250000000      -0.381383676337313     
   5.46896750000000        1.21688166666667      -0.392959681982278     
   5.46896750000000        1.52060208333333      -0.399362273040861     
   5.46896750000000        1.82432250000000      -0.399986350372159     
   5.46896750000000        2.12804291666667      -0.395288889357095     
   5.46896750000000        2.43176333333333      -0.386475079918025     
   5.46896750000000        2.73548375000000      -0.374830457566167     
   5.46896750000000        3.03920416666667      -0.361084528998617     
   5.46896750000000        3.34292458333333      -0.345386644401403     
   5.46896750000000        3.64664500000000      -0.327871356235893     
   5.46896750000000        3.95036541666667      -0.309224580810780     
   5.46896750000000        4.25408583333333      -0.290694423309163     
   5.46896750000000        4.55780625000000      -0.273547143665383     
   5.46896750000000        4.86152666666667      -0.258445851446393     
   5.46896750000000        5.16524708333333      -0.245247871356610     
   5.46896750000000        5.46896750000000      -0.233341069959357     
   5.46896750000000        5.77268791666667      -0.222195397836137     
   5.46896750000000        6.07640833333333      -0.211661263381289     
   5.46896750000000        6.38012875000000      -0.201865570373226     
   5.46896750000000        6.68384916666667      -0.192984315062352     
   5.46896750000000        6.98756958333333      -0.184978629040357     
   5.46896750000000        7.29129000000000      -0.177586388695990     
   5.77268791666667       2.000000000000000E-003 -0.315660057311678     
   5.77268791666667       0.305720416666667      -0.330156430932059     
   5.77268791666667       0.609440833333333      -0.343014434555758     
   5.77268791666667       0.913161250000000      -0.354010610941976     
   5.77268791666667        1.21688166666667      -0.362197884481224     
   5.77268791666667        1.52060208333333      -0.366558898678553     
   5.77268791666667        1.82432250000000      -0.367013480789180     
   5.77268791666667        2.12804291666667      -0.364414070563000     
   5.77268791666667        2.43176333333333      -0.359128478320857     
   5.77268791666667        2.73548375000000      -0.351294977662716     
   5.77268791666667        3.03920416666667      -0.340822151597873     
   5.77268791666667        3.34292458333333      -0.327597332344672     
   5.77268791666667        3.64664500000000      -0.311968002139020     
   5.77268791666667        3.95036541666667      -0.295030470471894     
   5.77268791666667        4.25408583333333      -0.278296749557333     
   5.77268791666667        4.55780625000000      -0.262980858932260     
   5.77268791666667        4.86152666666667      -0.249541489728732     
   5.77268791666667        5.16524708333333      -0.237742448116429     
   5.77268791666667        5.46896750000000      -0.227081613798072     
   5.77268791666667        5.77268791666667      -0.217222855572279     
   5.77268791666667        6.07640833333333      -0.207980902844985     
   5.77268791666667        6.38012875000000      -0.199359496698147     
   5.77268791666667        6.68384916666667      -0.191443431105973     
   5.77268791666667        6.98756958333333      -0.184099122679779     
   5.77268791666667        7.29129000000000      -0.177009973789827     
   6.07640833333333       2.000000000000000E-003 -0.305008868144495     
   6.07640833333333       0.305720416666667      -0.316798412021960     
   6.07640833333333       0.609440833333333      -0.325733889387116     
   6.07640833333333       0.913161250000000      -0.333034098708527     
   6.07640833333333        1.21688166666667      -0.338212534697775     
   6.07640833333333        1.52060208333333      -0.340615871862901     
   6.07640833333333        1.82432250000000      -0.340292066875521     
   6.07640833333333        2.12804291666667      -0.338128327453265     
   6.07640833333333        2.43176333333333      -0.334572372047957     
   6.07640833333333        2.73548375000000      -0.329068444129946     
   6.07640833333333        3.03920416666667      -0.321008346817979     
   6.07640833333333        3.34292458333333      -0.309927296036532     
   6.07640833333333        3.64664500000000      -0.296016721466177     
   6.07640833333333        3.95036541666667      -0.280742397081807     
   6.07640833333333        4.25408583333333      -0.265819287057208     
   6.07640833333333        4.55780625000000      -0.252335885600454     
   6.07640833333333        4.86152666666667      -0.240479398997701     
   6.07640833333333        5.16524708333333      -0.229989336805742     
   6.07640833333333        5.46896750000000      -0.220575478141842     
   6.07640833333333        5.77268791666667      -0.212045790153820     
   6.07640833333333        6.07640833333333      -0.204109764727686     
   6.07640833333333        6.38012875000000      -0.196736721551250     
   6.07640833333333        6.68384916666667      -0.189957062446164     
   6.07640833333333        6.98756958333333      -0.183540542871391     
   6.07640833333333        7.29129000000000      -0.176898593770391     
   6.38012875000000       2.000000000000000E-003 -0.299868512220384     
   6.38012875000000       0.305720416666667      -0.307312437512371     
   6.38012875000000       0.609440833333333      -0.311122200021490     
   6.38012875000000       0.913161250000000      -0.315274408681243     
   6.38012875000000        1.21688166666667      -0.318065426060577     
   6.38012875000000        1.52060208333333      -0.318610542104848     
   6.38012875000000        1.82432250000000      -0.317310866870222     
   6.38012875000000        2.12804291666667      -0.314961781927744     
   6.38012875000000        2.43176333333333      -0.312202299568170     
   6.38012875000000        2.73548375000000      -0.308484155315505     
   6.38012875000000        3.03920416666667      -0.302613430703180     
   6.38012875000000        3.34292458333333      -0.293102355962835     
   6.38012875000000        3.64664500000000      -0.280463725255838     
   6.38012875000000        3.95036541666667      -0.266962986522341     
   6.38012875000000        4.25408583333333      -0.254063185585102     
   6.38012875000000        4.55780625000000      -0.242270501451745     
   6.38012875000000        4.86152666666667      -0.231739049672763     
   6.38012875000000        5.16524708333333      -0.222270217179424     
   6.38012875000000        5.46896750000000      -0.213923815247184     
   6.38012875000000        5.77268791666667      -0.206552462042508     
   6.38012875000000        6.07640833333333      -0.199819946846181     
   6.38012875000000        6.38012875000000      -0.193627703704519     
   6.38012875000000        6.68384916666667      -0.188037566924529     
   6.38012875000000        6.98756958333333      -0.182950335157101     
   6.38012875000000        7.29129000000000      -0.177155467334771     
   6.68384916666667       2.000000000000000E-003 -0.297445159794212     
   6.68384916666667       0.305720416666667      -0.296187095738053     
   6.68384916666667       0.609440833333333      -0.295170357435070     
   6.68384916666667       0.913161250000000      -0.298529264405912     
   6.68384916666667        1.21688166666667      -0.299756885406728     
   6.68384916666667        1.52060208333333      -0.298638724676138     
   6.68384916666667        1.82432250000000      -0.296324158691737     
   6.68384916666667        2.12804291666667      -0.293802923925708     
   6.68384916666667        2.43176333333333      -0.291746871479898     
   6.68384916666667        2.73548375000000      -0.289811037948835     
   6.68384916666667        3.03920416666667      -0.285991635399515     
   6.68384916666667        3.34292458333333      -0.277936102944167     
   6.68384916666667        3.64664500000000      -0.266341775566972     
   6.68384916666667        3.95036541666667      -0.255074923643589     
   6.68384916666667        4.25408583333333      -0.244420261945890     
   6.68384916666667        4.55780625000000      -0.233628301588677     
   6.68384916666667        4.86152666666667      -0.223674447703849     
   6.68384916666667        5.16524708333333      -0.214754443674146     
   6.68384916666667        5.46896750000000      -0.207196423504457     
   6.68384916666667        5.77268791666667      -0.200770592727400     
   6.68384916666667        6.07640833333333      -0.195125133589756     
   6.68384916666667        6.38012875000000      -0.190001308419628     
   6.68384916666667        6.68384916666667      -0.185282830750120     
   6.68384916666667        6.98756958333333      -0.181632866190452     
   6.68384916666667        7.29129000000000      -0.177532407242479     
   6.98756958333333       2.000000000000000E-003 -0.285984235008535     
   6.98756958333333       0.305720416666667      -0.278917089489772     
   6.98756958333333       0.609440833333333      -0.280821464213047     
   6.98756958333333       0.913161250000000      -0.283795026264472     
   6.98756958333333        1.21688166666667      -0.282712871958187     
   6.98756958333333        1.52060208333333      -0.279872791968844     
   6.98756958333333        1.82432250000000      -0.276777409446915     
   6.98756958333333        2.12804291666667      -0.274254242340787     
   6.98756958333333        2.43176333333333      -0.273038636170971     
   6.98756958333333        2.73548375000000      -0.272879694856140     
   6.98756958333333        3.03920416666667      -0.271825498377696     
   6.98756958333333        3.34292458333333      -0.266395799519491     
   6.98756958333333        3.64664500000000      -0.256484188074551     
   6.98756958333333        3.95036541666667      -0.247733230283336     
   6.98756958333333        4.25408583333333      -0.238315824747207     
   6.98756958333333        4.55780625000000      -0.227043745828114     
   6.98756958333333        4.86152666666667      -0.216392262784971     
   6.98756958333333        5.16524708333333      -0.207506793363242     
   6.98756958333333        5.46896750000000      -0.200450341628217     
   6.98756958333333        5.77268791666667      -0.194827348306497     
   6.98756958333333        6.07640833333333      -0.190297618837253     
   6.98756958333333        6.38012875000000      -0.186577564899447     
   6.98756958333333        6.68384916666667      -0.182934314392853     
   6.98756958333333        6.98756958333333      -0.179205329583142     
   6.98756958333333        7.29129000000000      -0.176653695089439     
   7.29129000000000       2.000000000000000E-003 -0.265315914459570     
   7.29129000000000       0.305720416666667      -0.274946366643769     
   7.29129000000000       0.609440833333333      -0.275102748725431     
   7.29129000000000       0.913161250000000      -0.270841624219360     
   7.29129000000000        1.21688166666667      -0.266188623009960     
   7.29129000000000        1.52060208333333      -0.262061837087866     
   7.29129000000000        1.82432250000000      -0.258675422426175     
   7.29129000000000        2.12804291666667      -0.256374389896622     
   7.29129000000000        2.43176333333333      -0.255811093952362     
   7.29129000000000        2.73548375000000      -0.256954576423051     
   7.29129000000000        3.03920416666667      -0.258248974177350     
   7.29129000000000        3.34292458333333      -0.255727444504898     
   7.29129000000000        3.64664500000000      -0.249269841003673     
   7.29129000000000        3.95036541666667      -0.242528638466055     
   7.29129000000000        4.25408583333333      -0.233048929225497     
   7.29129000000000        4.55780625000000      -0.220684222932962     
   7.29129000000000        4.86152666666667      -0.209290147138850     
   7.29129000000000        5.16524708333333      -0.200301702042799     
   7.29129000000000        5.46896750000000      -0.193706280564070     
   7.29129000000000        5.77268791666667      -0.188797464890093     
   7.29129000000000        6.07640833333333      -0.185319780793799     
   7.29129000000000        6.38012875000000      -0.183317522391122     
   7.29129000000000        6.68384916666667      -0.182357553394677     
   7.29129000000000        6.98756958333333      -0.178988523699501     
   7.29129000000000        7.29129000000000      -0.172330764256979     
