  2.000000000000000E-003  2.000000000000000E-003 -0.413914003640004     
  2.000000000000000E-003  0.305720416666667      -0.443993699450522     
  2.000000000000000E-003  0.609440833333333      -0.454358123666444     
  2.000000000000000E-003  0.913161250000000      -0.448985653074169     
  2.000000000000000E-003   1.21688166666667      -0.441452904703895     
  2.000000000000000E-003   1.52060208333333      -0.433388581252380     
  2.000000000000000E-003   1.82432250000000      -0.424479669212434     
  2.000000000000000E-003   2.12804291666667      -0.415528751575455     
  2.000000000000000E-003   2.43176333333333      -0.408699371089221     
  2.000000000000000E-003   2.73548375000000      -0.403502617947096     
  2.000000000000000E-003   3.03920416666667      -0.397624804960343     
  2.000000000000000E-003   3.34292458333333      -0.388064418382233     
  2.000000000000000E-003   3.64664500000000      -0.369023755498065     
  2.000000000000000E-003   3.95036541666667      -0.352111184160109     
  2.000000000000000E-003   4.25408583333333      -0.327562298876544     
  2.000000000000000E-003   4.55780625000000      -0.296116332230407     
  2.000000000000000E-003   4.86152666666667      -0.267639711428768     
  2.000000000000000E-003   5.16524708333333      -0.245449887523723     
  2.000000000000000E-003   5.46896750000000      -0.229907955975399     
  2.000000000000000E-003   5.77268791666667      -0.219423042634489     
  2.000000000000000E-003   6.07640833333333      -0.213317600007431     
  2.000000000000000E-003   6.38012875000000      -0.211161938458068     
  2.000000000000000E-003   6.68384916666667      -0.211087838650602     
  2.000000000000000E-003   6.98756958333333      -0.205028927300404     
  2.000000000000000E-003   7.29129000000000      -0.193206480063833     
  0.305720416666667       2.000000000000000E-003 -0.443993791075551     
  0.305720416666667       0.305720416666667      -0.427512857052705     
  0.305720416666667       0.609440833333333      -0.455435096181111     
  0.305720416666667       0.913161250000000      -0.476427017331669     
  0.305720416666667        1.21688166666667      -0.480305890111106     
  0.305720416666667        1.52060208333333      -0.475452227317406     
  0.305720416666667        1.82432250000000      -0.466367502025897     
  0.305720416666667        2.12804291666667      -0.455279012179687     
  0.305720416666667        2.43176333333333      -0.445642291879926     
  0.305720416666667        2.73548375000000      -0.436631834301733     
  0.305720416666667        3.03920416666667      -0.422966878160429     
  0.305720416666667        3.34292458333333      -0.402817737635298     
  0.305720416666667        3.64664500000000      -0.378030668989917     
  0.305720416666667        3.95036541666667      -0.354580068708056     
  0.305720416666667        4.25408583333333      -0.328757626731574     
  0.305720416666667        4.55780625000000      -0.299728184055925     
  0.305720416666667        4.86152666666667      -0.273187357243155     
  0.305720416666667        5.16524708333333      -0.251802147010237     
  0.305720416666667        5.46896750000000      -0.235909608122190     
  0.305720416666667        5.77268791666667      -0.224498465359603     
  0.305720416666667        6.07640833333333      -0.216736717301684     
  0.305720416666667        6.38012875000000      -0.211598834718961     
  0.305720416666667        6.68384916666667      -0.206679994606098     
  0.305720416666667        6.98756958333333      -0.200676505906394     
  0.305720416666667        7.29129000000000      -0.197819055401627     
  0.609440833333333       2.000000000000000E-003 -0.454358307896230     
  0.609440833333333       0.305720416666667      -0.455435271307643     
  0.609440833333333       0.609440833333333      -0.475768891186475     
  0.609440833333333       0.913161250000000      -0.502866804758558     
  0.609440833333333        1.21688166666667      -0.515113292682623     
  0.609440833333333        1.52060208333333      -0.514833746072828     
  0.609440833333333        1.82432250000000      -0.506572542430239     
  0.609440833333333        2.12804291666667      -0.493774969094823     
  0.609440833333333        2.43176333333333      -0.480287691510049     
  0.609440833333333        2.73548375000000      -0.467296965650245     
  0.609440833333333        3.03920416666667      -0.446590032351776     
  0.609440833333333        3.34292458333333      -0.417242260324980     
  0.609440833333333        3.64664500000000      -0.384034554786155     
  0.609440833333333        3.95036541666667      -0.353798788779060     
  0.609440833333333        4.25408583333333      -0.326037682295041     
  0.609440833333333        4.55780625000000      -0.299516174076522     
  0.609440833333333        4.86152666666667      -0.276114667978258     
  0.609440833333333        5.16524708333333      -0.256348205804731     
  0.609440833333333        5.46896750000000      -0.240621999846126     
  0.609440833333333        5.77268791666667      -0.228561132169526     
  0.609440833333333        6.07640833333333      -0.219398260381793     
  0.609440833333333        6.38012875000000      -0.212165251757286     
  0.609440833333333        6.68384916666667      -0.205946482199705     
  0.609440833333333        6.98756958333333      -0.201635868555371     
  0.609440833333333        7.29129000000000      -0.196548087219856     
  0.913161250000000       2.000000000000000E-003 -0.448985904477263     
  0.913161250000000       0.305720416666667      -0.476427277927612     
  0.913161250000000       0.609440833333333      -0.502866947693495     
  0.913161250000000       0.913161250000000      -0.528652552067460     
  0.913161250000000        1.21688166666667      -0.544123283019814     
  0.913161250000000        1.52060208333333      -0.547366049159027     
  0.913161250000000        1.82432250000000      -0.540611297938629     
  0.913161250000000        2.12804291666667      -0.526303362453344     
  0.913161250000000        2.43176333333333      -0.510570687347861     
  0.913161250000000        2.73548375000000      -0.492042262647833     
  0.913161250000000        3.03920416666667      -0.466528588486899     
  0.913161250000000        3.34292458333333      -0.432274203591813     
  0.913161250000000        3.64664500000000      -0.394109307100355     
  0.913161250000000        3.95036541666667      -0.358203222574184     
  0.913161250000000        4.25408583333333      -0.327091947686738     
  0.913161250000000        4.55780625000000      -0.300845745339521     
  0.913161250000000        4.86152666666667      -0.278780185921814     
  0.913161250000000        5.16524708333333      -0.259936916046758     
  0.913161250000000        5.46896750000000      -0.244261192396759     
  0.913161250000000        5.77268791666667      -0.231730759521514     
  0.913161250000000        6.07640833333333      -0.221682006545929     
  0.913161250000000        6.38012875000000      -0.213501814431905     
  0.913161250000000        6.68384916666667      -0.206762187342737     
  0.913161250000000        6.98756958333333      -0.200912070912853     
  0.913161250000000        7.29129000000000      -0.193511049982397     
   1.21688166666667       2.000000000000000E-003 -0.441453129691411     
   1.21688166666667       0.305720416666667      -0.480306149125617     
   1.21688166666667       0.609440833333333      -0.515113500161999     
   1.21688166666667       0.913161250000000      -0.544123389125851     
   1.21688166666667        1.21688166666667      -0.562777066944508     
   1.21688166666667        1.52060208333333      -0.569173888129126     
   1.21688166666667        1.82432250000000      -0.563476882302811     
   1.21688166666667        2.12804291666667      -0.550304228073370     
   1.21688166666667        2.43176333333333      -0.533634646480739     
   1.21688166666667        2.73548375000000      -0.509798505127873     
   1.21688166666667        3.03920416666667      -0.478387699575834     
   1.21688166666667        3.34292458333333      -0.441153691683664     
   1.21688166666667        3.64664500000000      -0.401064665940364     
   1.21688166666667        3.95036541666667      -0.363044266294519     
   1.21688166666667        4.25408583333333      -0.330386192876837     
   1.21688166666667        4.55780625000000      -0.303623582293014     
   1.21688166666667        4.86152666666667      -0.281485151594984     
   1.21688166666667        5.16524708333333      -0.262809967478473     
   1.21688166666667        5.46896750000000      -0.247009951655093     
   1.21688166666667        5.77268791666667      -0.233960086206813     
   1.21688166666667        6.07640833333333      -0.223149133385148     
   1.21688166666667        6.38012875000000      -0.214053432504305     
   1.21688166666667        6.68384916666667      -0.206159838493711     
   1.21688166666667        6.98756958333333      -0.198663905488886     
   1.21688166666667        7.29129000000000      -0.190381579705837     
   1.52060208333333       2.000000000000000E-003 -0.433388748197640     
   1.52060208333333       0.305720416666667      -0.475452446876167     
   1.52060208333333       0.609440833333333      -0.514833962531418     
   1.52060208333333       0.913161250000000      -0.547366208209014     
   1.52060208333333        1.21688166666667      -0.569173962565089     
   1.52060208333333        1.52060208333333      -0.577502933681432     
   1.52060208333333        1.82432250000000      -0.573701716305224     
   1.52060208333333        2.12804291666667      -0.563955686302470     
   1.52060208333333        2.43176333333333      -0.546123915673011     
   1.52060208333333        2.73548375000000      -0.518748906151012     
   1.52060208333333        3.03920416666667      -0.483320612016061     
   1.52060208333333        3.34292458333333      -0.443273722473724     
   1.52060208333333        3.64664500000000      -0.402682249742901     
   1.52060208333333        3.95036541666667      -0.365162095977013     
   1.52060208333333        4.25408583333333      -0.332848129775750     
   1.52060208333333        4.55780625000000      -0.305997668843472     
   1.52060208333333        4.86152666666667      -0.283709497100886     
   1.52060208333333        5.16524708333333      -0.264915855093945     
   1.52060208333333        5.46896750000000      -0.248892895097877     
   1.52060208333333        5.77268791666667      -0.235276008139774     
   1.52060208333333        6.07640833333333      -0.223700217553238     
   1.52060208333333        6.38012875000000      -0.213654288943355     
   1.52060208333333        6.68384916666667      -0.204653407162494     
   1.52060208333333        6.98756958333333      -0.196128739596687     
   1.52060208333333        7.29129000000000      -0.187580102747483     
   1.82432250000000       2.000000000000000E-003 -0.424479757566191     
   1.82432250000000       0.305720416666667      -0.466367647240968     
   1.82432250000000       0.609440833333333      -0.506572707365338     
   1.82432250000000       0.913161250000000      -0.540611438998156     
   1.82432250000000        1.21688166666667      -0.563476967944461     
   1.82432250000000        1.52060208333333      -0.573701746973086     
   1.82432250000000        1.82432250000000      -0.574685721818223     
   1.82432250000000        2.12804291666667      -0.565692562839149     
   1.82432250000000        2.43176333333333      -0.545782796486710     
   1.82432250000000        2.73548375000000      -0.515952061834749     
   1.82432250000000        3.03920416666667      -0.479122895185135     
   1.82432250000000        3.34292458333333      -0.439207825060889     
   1.82432250000000        3.64664500000000      -0.399968959746677     
   1.82432250000000        3.95036541666667      -0.364156670785271     
   1.82432250000000        4.25408583333333      -0.333108787663453     
   1.82432250000000        4.55780625000000      -0.306883056703841     
   1.82432250000000        4.86152666666667      -0.284797124108853     
   1.82432250000000        5.16524708333333      -0.266008297381432     
   1.82432250000000        5.46896750000000      -0.249841865265571     
   1.82432250000000        5.77268791666667      -0.235833501326167     
   1.82432250000000        6.07640833333333      -0.223609071646663     
   1.82432250000000        6.38012875000000      -0.212782732709129     
   1.82432250000000        6.68384916666667      -0.202982239113987     
   1.82432250000000        6.98756958333333      -0.193885948806614     
   1.82432250000000        7.29129000000000      -0.185269908653808     
   2.12804291666667       2.000000000000000E-003 -0.415528730747971     
   2.12804291666667       0.305720416666667      -0.455279032203454     
   2.12804291666667       0.609440833333333      -0.493775014603066     
   2.12804291666667       0.913161250000000      -0.526303410156067     
   2.12804291666667        1.21688166666667      -0.550304261898654     
   2.12804291666667        1.52060208333333      -0.563955700713210     
   2.12804291666667        1.82432250000000      -0.565692562374728     
   2.12804291666667        2.12804291666667      -0.554885441899187     
   2.12804291666667        2.43176333333333      -0.532567377332565     
   2.12804291666667        2.73548375000000      -0.501479064476426     
   2.12804291666667        3.03920416666667      -0.465343821736558     
   2.12804291666667        3.34292458333333      -0.427850952826621     
   2.12804291666667        3.64664500000000      -0.391881956950259     
   2.12804291666667        3.95036541666667      -0.359183137517421     
   2.12804291666667        4.25408583333333      -0.330437005022232     
   2.12804291666667        4.55780625000000      -0.305591676389937     
   2.12804291666667        4.86152666666667      -0.284226854238347     
   2.12804291666667        5.16524708333333      -0.265804620836395     
   2.12804291666667        5.46896750000000      -0.249796360329451     
   2.12804291666667        5.77268791666667      -0.235733990957726     
   2.12804291666667        6.07640833333333      -0.223225614160437     
   2.12804291666667        6.38012875000000      -0.211952847778080     
   2.12804291666667        6.68384916666667      -0.201676781930372     
   2.12804291666667        6.98756958333333      -0.192286604928498     
   2.12804291666667        7.29129000000000      -0.183666072608232     
   2.43176333333333       2.000000000000000E-003 -0.408699242854006     
   2.43176333333333       0.305720416666667      -0.445642165499892     
   2.43176333333333       0.609440833333333      -0.480287582616706     
   2.43176333333333       0.913161250000000      -0.510570605560818     
   2.43176333333333        1.21688166666667      -0.533634587655349     
   2.43176333333333        1.52060208333333      -0.546123870343285     
   2.43176333333333        1.82432250000000      -0.545782759518828     
   2.43176333333333        2.12804291666667      -0.532567352619517     
   2.43176333333333        2.43176333333333      -0.508744117754436     
   2.43176333333333        2.73548375000000      -0.478051515486555     
   2.43176333333333        3.03920416666667      -0.444421611138078     
   2.43176333333333        3.34292458333333      -0.410931592517203     
   2.43176333333333        3.64664500000000      -0.379419496712485     
   2.43176333333333        3.95036541666667      -0.350674429009658     
   2.43176333333333        4.25408583333333      -0.324865438881307     
   2.43176333333333        4.55780625000000      -0.301936937045880     
   2.43176333333333        4.86152666666667      -0.281768579773806     
   2.43176333333333        5.16524708333333      -0.264137301651845     
   2.43176333333333        5.46896750000000      -0.248678390386722     
   2.43176333333333        5.77268791666667      -0.234953464156014     
   2.43176333333333        6.07640833333333      -0.222583222880615     
   2.43176333333333        6.38012875000000      -0.211324811635254     
   2.43176333333333        6.68384916666667      -0.201029764106631     
   2.43176333333333        6.98756958333333      -0.191601448221560     
   2.43176333333333        7.29129000000000      -0.183079039398993     
   2.73548375000000       2.000000000000000E-003 -0.403502417679953     
   2.73548375000000       0.305720416666667      -0.436631552420233     
   2.73548375000000       0.609440833333333      -0.467296663353668     
   2.73548375000000       0.913161250000000      -0.492042010453498     
   2.73548375000000        1.21688166666667      -0.509798314855758     
   2.73548375000000        1.52060208333333      -0.518748763079511     
   2.73548375000000        1.82432250000000      -0.515951954573853     
   2.73548375000000        2.12804291666667      -0.501478989230155     
   2.73548375000000        2.43176333333333      -0.478051474942012     
   2.73548375000000        2.73548375000000      -0.449644439797612     
   2.73548375000000        3.03920416666667      -0.419916319923100     
   2.73548375000000        3.34292458333333      -0.391206984514573     
   2.73548375000000        3.64664500000000      -0.364450603261465     
   2.73548375000000        3.95036541666667      -0.339734748146819     
   2.73548375000000        4.25408583333333      -0.316950517285438     
   2.73548375000000        4.55780625000000      -0.296149742838411     
   2.73548375000000        4.86152666666667      -0.277494647832513     
   2.73548375000000        5.16524708333333      -0.261009540713841     
   2.73548375000000        5.46896750000000      -0.246449870971274     
   2.73548375000000        5.77268791666667      -0.233412394943748     
   2.73548375000000        6.07640833333333      -0.221570403441075     
   2.73548375000000        6.38012875000000      -0.210787030825191     
   2.73548375000000        6.68384916666667      -0.200927047395393     
   2.73548375000000        6.98756958333333      -0.191947251243592     
   2.73548375000000        7.29129000000000      -0.183773549258947     
   3.03920416666667       2.000000000000000E-003 -0.397624640023469     
   3.03920416666667       0.305720416666667      -0.422966478934548     
   3.03920416666667       0.609440833333333      -0.446589517101517     
   3.03920416666667       0.913161250000000      -0.466528130148052     
   3.03920416666667        1.21688166666667      -0.478387353848420     
   3.03920416666667        1.52060208333333      -0.483320351637133     
   3.03920416666667        1.82432250000000      -0.479122698737488     
   3.03920416666667        2.12804291666667      -0.465343679740465     
   3.03920416666667        2.43176333333333      -0.444421519176594     
   3.03920416666667        2.73548375000000      -0.419916275425535     
   3.03920416666667        3.03920416666667      -0.394887603666066     
   3.03920416666667        3.34292458333333      -0.371000466023942     
   3.03920416666667        3.64664500000000      -0.348597661552447     
   3.03920416666667        3.95036541666667      -0.327429973332551     
   3.03920416666667        4.25408583333333      -0.307373783691991     
   3.03920416666667        4.55780625000000      -0.288666789781474     
   3.03920416666667        4.86152666666667      -0.271678184955774     
   3.03920416666667        5.16524708333333      -0.256560099934335     
   3.03920416666667        5.46896750000000      -0.243116160572170     
   3.03920416666667        5.77268791666667      -0.230983382267260     
   3.03920416666667        6.07640833333333      -0.219967021457022     
   3.03920416666667        6.38012875000000      -0.210075639997307     
   3.03920416666667        6.68384916666667      -0.201048253088336     
   3.03920416666667        6.98756958333333      -0.192880146496726     
   3.03920416666667        7.29129000000000      -0.185277007380890     
   3.34292458333333       2.000000000000000E-003 -0.388064308587887     
   3.34292458333333       0.305720416666667      -0.402817224793677     
   3.34292458333333       0.609440833333333      -0.417241545784650     
   3.34292458333333       0.913161250000000      -0.432273561697856     
   3.34292458333333        1.21688166666667      -0.441153205925924     
   3.34292458333333        1.52060208333333      -0.443273357678567     
   3.34292458333333        1.82432250000000      -0.439207546535486     
   3.34292458333333        2.12804291666667      -0.427850747281892     
   3.34292458333333        2.43176333333333      -0.410931451251646     
   3.34292458333333        2.73548375000000      -0.391206899046781     
   3.34292458333333        3.03920416666667      -0.371000427906671     
   3.34292458333333        3.34292458333333      -0.351458858263781     
   3.34292458333333        3.64664500000000      -0.332673526294392     
   3.34292458333333        3.95036541666667      -0.314395340927008     
   3.34292458333333        4.25408583333333      -0.296679247040697     
   3.34292458333333        4.55780625000000      -0.279953439709068     
   3.34292458333333        4.86152666666667      -0.264676966978804     
   3.34292458333333        5.16524708333333      -0.251001888641888     
   3.34292458333333        5.46896750000000      -0.238715958309180     
   3.34292458333333        5.77268791666667      -0.227507041337651     
   3.34292458333333        6.07640833333333      -0.217373731254652     
   3.34292458333333        6.38012875000000      -0.208313906436876     
   3.34292458333333        6.68384916666667      -0.200097038241695     
   3.34292458333333        6.98756958333333      -0.192759927142607     
   3.34292458333333        7.29129000000000      -0.185804417047284     
   3.64664500000000       2.000000000000000E-003 -0.369023715629392     
   3.64664500000000       0.305720416666667      -0.378030152771137     
   3.64664500000000       0.609440833333333      -0.384033782055964     
   3.64664500000000       0.913161250000000      -0.394108586225590     
   3.64664500000000        1.21688166666667      -0.401064111971110     
   3.64664500000000        1.52060208333333      -0.402681828953940     
   3.64664500000000        1.82432250000000      -0.399968633985989     
   3.64664500000000        2.12804291666667      -0.391881713081642     
   3.64664500000000        2.43176333333333      -0.379419324538386     
   3.64664500000000        2.73548375000000      -0.364450491153255     
   3.64664500000000        3.03920416666667      -0.348597597938180     
   3.64664500000000        3.34292458333333      -0.332673500369565     
   3.64664500000000        3.64664500000000      -0.316782359184677     
   3.64664500000000        3.95036541666667      -0.300883156163171     
   3.64664500000000        4.25408583333333      -0.285260378745032     
   3.64664500000000        4.55780625000000      -0.270448438248345     
   3.64664500000000        4.86152666666667      -0.256869130477016     
   3.64664500000000        5.16524708333333      -0.244583713327476     
   3.64664500000000        5.46896750000000      -0.233340058851513     
   3.64664500000000        5.77268791666667      -0.222888100732514     
   3.64664500000000        6.07640833333333      -0.213352369970301     
   3.64664500000000        6.38012875000000      -0.204800449247394     
   3.64664500000000        6.68384916666667      -0.197108474910431     
   3.64664500000000        6.98756958333333      -0.190453217661990     
   3.64664500000000        7.29129000000000      -0.185244642185096     
   3.95036541666667       2.000000000000000E-003 -0.352111127068852     
   3.95036541666667       0.305720416666667      -0.354579684967383     
   3.95036541666667       0.609440833333333      -0.353798140782666     
   3.95036541666667       0.913161250000000      -0.358202564869234     
   3.95036541666667        1.21688166666667      -0.363043745835819     
   3.95036541666667        1.52060208333333      -0.365161686821724     
   3.95036541666667        1.82432250000000      -0.364156349186721     
   3.95036541666667        2.12804291666667      -0.359182895036127     
   3.95036541666667        2.43176333333333      -0.350674256098011     
   3.95036541666667        2.73548375000000      -0.339734632489750     
   3.95036541666667        3.03920416666667      -0.327429902851928     
   3.95036541666667        3.34292458333333      -0.314395305186907     
   3.95036541666667        3.64664500000000      -0.300883144663350     
   3.95036541666667        3.95036541666667      -0.287109654097123     
   3.95036541666667        4.25408583333333      -0.273504536702075     
   3.95036541666667        4.55780625000000      -0.260574904703283     
   3.95036541666667        4.86152666666667      -0.248611918142520     
   3.95036541666667        5.16524708333333      -0.237561120498224     
   3.95036541666667        5.46896750000000      -0.227158914219631     
   3.95036541666667        5.77268791666667      -0.217240275987008     
   3.95036541666667        6.07640833333333      -0.207996159119064     
   3.95036541666667        6.38012875000000      -0.199684366037973     
   3.95036541666667        6.68384916666667      -0.192407339055767     
   3.95036541666667        6.98756958333333      -0.186356774820390     
   3.95036541666667        7.29129000000000      -0.180964983043013     
   4.25408583333333       2.000000000000000E-003 -0.327562212111785     
   4.25408583333333       0.305720416666667      -0.328757336929471     
   4.25408583333333       0.609440833333333      -0.326037208490023     
   4.25408583333333       0.913161250000000      -0.327091454446608     
   4.25408583333333        1.21688166666667      -0.330385782055029     
   4.25408583333333        1.52060208333333      -0.332847791146725     
   4.25408583333333        1.82432250000000      -0.333108518721629     
   4.25408583333333        2.12804291666667      -0.330436802991539     
   4.25408583333333        2.43176333333333      -0.324865295703726     
   4.25408583333333        2.73548375000000      -0.316950421863775     
   4.25408583333333        3.03920416666667      -0.307373725808325     
   4.25408583333333        3.34292458333333      -0.296679218496809     
   4.25408583333333        3.64664500000000      -0.285260371249548     
   4.25408583333333        3.95036541666667      -0.273504539425175     
   4.25408583333333        4.25408583333333      -0.261860410522292     
   4.25408583333333        4.55780625000000      -0.250708779764117     
   4.25408583333333        4.86152666666667      -0.240184370258726     
   4.25408583333333        5.16524708333333      -0.230156109687764     
   4.25408583333333        5.46896750000000      -0.220409672359934     
   4.25408583333333        5.77268791666667      -0.210900719826617     
   4.25408583333333        6.07640833333333      -0.201876064318214     
   4.25408583333333        6.38012875000000      -0.193711581585910     
   4.25408583333333        6.68384916666667      -0.186726539495275     
   4.25408583333333        6.98756958333333      -0.181040018604389     
   4.25408583333333        7.29129000000000      -0.175899148684599     
   4.55780625000000       2.000000000000000E-003 -0.296116243657827     
   4.55780625000000       0.305720416666667      -0.299727985396006     
   4.55780625000000       0.609440833333333      -0.299515883193624     
   4.55780625000000       0.913161250000000      -0.300845443596391     
   4.55780625000000        1.21688166666667      -0.303623304297158     
   4.55780625000000        1.52060208333333      -0.305997431354397     
   4.55780625000000        1.82432250000000      -0.306882868609385     
   4.55780625000000        2.12804291666667      -0.305591537724123     
   4.55780625000000        2.43176333333333      -0.301936841190467     
   4.55780625000000        2.73548375000000      -0.296149681394224     
   4.55780625000000        3.03920416666667      -0.288666756265078     
   4.55780625000000        3.34292458333333      -0.279953429531378     
   4.55780625000000        3.64664500000000      -0.270448445901810     
   4.55780625000000        3.95036541666667      -0.260574921273165     
   4.55780625000000        4.25408583333333      -0.250708793444871     
   4.55780625000000        4.55780625000000      -0.241086763336862     
   4.55780625000000        4.86152666666667      -0.231735102456346     
   4.55780625000000        5.16524708333333      -0.222522983199296     
   4.55780625000000        5.46896750000000      -0.213341594486772     
   4.55780625000000        5.77268791666667      -0.204279814314849     
   4.55780625000000        6.07640833333333      -0.195646567365515     
   4.55780625000000        6.38012875000000      -0.187785158483765     
   4.55780625000000        6.68384916666667      -0.180948330834882     
   4.55780625000000        6.98756958333333      -0.175210723264241     
   4.55780625000000        7.29129000000000      -0.169963345689622     
   4.86152666666667       2.000000000000000E-003 -0.267639694595866     
   4.86152666666667       0.305720416666667      -0.273187281574686     
   4.86152666666667       0.609440833333333      -0.276114539916873     
   4.86152666666667       0.913161250000000      -0.278780030194898     
   4.86152666666667        1.21688166666667      -0.281484995538175     
   4.86152666666667        1.52060208333333      -0.283709361007246     
   4.86152666666667        1.82432250000000      -0.284797017693842     
   4.86152666666667        2.12804291666667      -0.284226777563099     
   4.86152666666667        2.43176333333333      -0.281768528008858     
   4.86152666666667        2.73548375000000      -0.277494616678317     
   4.86152666666667        3.03920416666667      -0.271678173032280     
   4.86152666666667        3.34292458333333      -0.264676974116620     
   4.86152666666667        3.64664500000000      -0.256869154107567     
   4.86152666666667        3.95036541666667      -0.248611951008563     
   4.86152666666667        4.25408583333333      -0.240184401396971     
   4.86152666666667        4.55780625000000      -0.231735121118298     
   4.86152666666667        4.86152666666667      -0.223274013619763     
   4.86152666666667        5.16524708333333      -0.214746259822473     
   4.86152666666667        5.46896750000000      -0.206167985740399     
   4.86152666666667        5.77268791666667      -0.197722123601763     
   4.86152666666667        6.07640833333333      -0.189721924257888     
   4.86152666666667        6.38012875000000      -0.182449568970186     
   4.86152666666667        6.68384916666667      -0.175993850048127     
   4.86152666666667        6.98756958333333      -0.170235444284061     
   4.86152666666667        7.29129000000000      -0.164927397641614     
   5.16524708333333       2.000000000000000E-003 -0.245449949541054     
   5.16524708333333       0.305720416666667      -0.251802169131477     
   5.16524708333333       0.609440833333333      -0.256348186334988     
   5.16524708333333       0.913161250000000      -0.259936869593444     
   5.16524708333333        1.21688166666667      -0.262809910118626     
   5.16524708333333        1.52060208333333      -0.264915800002721     
   5.16524708333333        1.82432250000000      -0.266008251188227     
   5.16524708333333        2.12804291666667      -0.265804583793387     
   5.16524708333333        2.43176333333333      -0.264137272234065     
   5.16524708333333        2.73548375000000      -0.261009520131824     
   5.16524708333333        3.03920416666667      -0.256560092725800     
   5.16524708333333        3.34292458333333      -0.251001899304132     
   5.16524708333333        3.64664500000000      -0.244583742107748     
   5.16524708333333        3.95036541666667      -0.237561161560205     
   5.16524708333333        4.25408583333333      -0.230156152773852     
   5.16524708333333        4.55780625000000      -0.222523017608937     
   5.16524708333333        4.86152666666667      -0.214746278226897     
   5.16524708333333        5.16524708333333      -0.206887371942200     
   5.16524708333333        5.46896750000000      -0.199058444014513     
   5.16524708333333        5.77268791666667      -0.191456346860198     
   5.16524708333333        6.07640833333333      -0.184309317216979     
   5.16524708333333        6.38012875000000      -0.177765461630006     
   5.16524708333333        6.68384916666667      -0.171826973487396     
   5.16524708333333        6.98756958333333      -0.166408026089533     
   5.16524708333333        7.29129000000000      -0.161267664680201     
   5.46896750000000       2.000000000000000E-003 -0.229908110328743     
   5.46896750000000       0.305720416666667      -0.235909736801705     
   5.46896750000000       0.609440833333333      -0.240622093680149     
   5.46896750000000       0.913161250000000      -0.244261248851465     
   5.46896750000000        1.21688166666667      -0.247009973293066     
   5.46896750000000        1.52060208333333      -0.248892893513898     
   5.46896750000000        1.82432250000000      -0.249841848503304     
   5.46896750000000        2.12804291666667      -0.249796332425264     
   5.46896750000000        2.43176333333333      -0.248678355345945     
   5.46896750000000        2.73548375000000      -0.246449836314113     
   5.46896750000000        3.03920416666667      -0.243116136604595     
   5.46896750000000        3.34292458333333      -0.238715953697998     
   5.46896750000000        3.64664500000000      -0.233340076329131     
   5.46896750000000        3.95036541666667      -0.227158949459120     
   5.46896750000000        4.25408583333333      -0.220409716164692     
   5.46896750000000        4.55780625000000      -0.213341636530264     
   5.46896750000000        4.86152666666667      -0.206168017767828     
   5.46896750000000        5.16524708333333      -0.199058461114337     
   5.46896750000000        5.46896750000000      -0.192158837851199     
   5.46896750000000        5.77268791666667      -0.185597239756399     
   5.46896750000000        6.07640833333333      -0.179452795354860     
   5.46896750000000        6.38012875000000      -0.173765415627488     
   5.46896750000000        6.68384916666667      -0.168517254536537     
   5.46896750000000        6.98756958333333      -0.163565051398428     
   5.46896750000000        7.29129000000000      -0.158745269758836     
   5.77268791666667       2.000000000000000E-003 -0.219423302667991     
   5.77268791666667       0.305720416666667      -0.224498707615889     
   5.77268791666667       0.609440833333333      -0.228561333481871     
   5.77268791666667       0.913161250000000      -0.231730906433199     
   5.77268791666667        1.21688166666667      -0.233960172937126     
   5.77268791666667        1.52060208333333      -0.235276035946620     
   5.77268791666667        1.82432250000000      -0.235833486281048     
   5.77268791666667        2.12804291666667      -0.235733948386955     
   5.77268791666667        2.43176333333333      -0.234953404972046     
   5.77268791666667        2.73548375000000      -0.233412331956491     
   5.77268791666667        3.03920416666667      -0.230983329775301     
   5.77268791666667        3.34292458333333      -0.227507010539457     
   5.77268791666667        3.64664500000000      -0.222888096040989     
   5.77268791666667        3.95036541666667      -0.217240295091286     
   5.77268791666667        4.25408583333333      -0.210900755669810     
   5.77268791666667        4.55780625000000      -0.204279857454879     
   5.77268791666667        4.86152666666667      -0.197722164946168     
   5.77268791666667        5.16524708333333      -0.191456379224778     
   5.77268791666667        5.46896750000000      -0.185597257778483     
   5.77268791666667        5.77268791666667      -0.180161531546861     
   5.77268791666667        6.07640833333333      -0.175091926649469     
   5.77268791666667        6.38012875000000      -0.170344353239009     
   5.77268791666667        6.68384916666667      -0.165841494669353     
   5.77268791666667        6.98756958333333      -0.161443283238527     
   5.77268791666667        7.29129000000000      -0.156994477687968     
   6.07640833333333       2.000000000000000E-003 -0.213318001014123     
   6.07640833333333       0.305720416666667      -0.216737090660512     
   6.07640833333333       0.609440833333333      -0.219398545344016     
   6.07640833333333       0.913161250000000      -0.221682190542335     
   6.07640833333333        1.21688166666667      -0.223149229349976     
   6.07640833333333        1.52060208333333      -0.223700239750822     
   6.07640833333333        1.82432250000000      -0.223609036956005     
   6.07640833333333        2.12804291666667      -0.223225547724161     
   6.07640833333333        2.43176333333333      -0.222583140429690     
   6.07640833333333        2.73548375000000      -0.221570319080765     
   6.07640833333333        3.03920416666667      -0.219966949950931     
   6.07640833333333        3.34292458333333      -0.217373683254043     
   6.07640833333333        3.64664500000000      -0.213352349418814     
   6.07640833333333        3.95036541666667      -0.207996165352923     
   6.07640833333333        4.25408583333333      -0.201876095408011     
   6.07640833333333        4.55780625000000      -0.195646614884732     
   6.07640833333333        4.86152666666667      -0.189721977129547     
   6.07640833333333        5.16524708333333      -0.184309366328015     
   6.07640833333333        5.46896750000000      -0.179452831852735     
   6.07640833333333        5.77268791666667      -0.175091934303255     
   6.07640833333333        6.07640833333333      -0.171058878484590     
   6.07640833333333        6.38012875000000      -0.167230301204105     
   6.07640833333333        6.68384916666667      -0.163510921995102     
   6.07640833333333        6.98756958333333      -0.159779097998769     
   6.07640833333333        7.29129000000000      -0.155803800949208     
   6.38012875000000       2.000000000000000E-003 -0.211162540777945     
   6.38012875000000       0.305720416666667      -0.211599352739120     
   6.38012875000000       0.609440833333333      -0.212165560417742     
   6.38012875000000       0.913161250000000      -0.213501942774160     
   6.38012875000000        1.21688166666667      -0.214053453647576     
   6.38012875000000        1.52060208333333      -0.213654249398252     
   6.38012875000000        1.82432250000000      -0.212782657545437     
   6.38012875000000        2.12804291666667      -0.211952760527414     
   6.38012875000000        2.43176333333333      -0.211324725000889     
   6.38012875000000        2.73548375000000      -0.210786953329570     
   6.38012875000000        3.03920416666667      -0.210075585158640     
   6.38012875000000        3.34292458333333      -0.208313868728458     
   6.38012875000000        3.64664500000000      -0.204800434706349     
   6.38012875000000        3.95036541666667      -0.199684391094926     
   6.38012875000000        4.25408583333333      -0.193711640808148     
   6.38012875000000        4.55780625000000      -0.187785231616823     
   6.38012875000000        4.86152666666667      -0.182449646984741     
   6.38012875000000        5.16524708333333      -0.177765535406536     
   6.38012875000000        5.46896750000000      -0.173765461098937     
   6.38012875000000        5.77268791666667      -0.170344334820649     
   6.38012875000000        6.07640833333333      -0.167230246804881     
   6.38012875000000        6.38012875000000      -0.164242087040184     
   6.38012875000000        6.68384916666667      -0.161290108494053     
   6.38012875000000        6.98756958333333      -0.158374843437653     
   6.38012875000000        7.29129000000000      -0.155104933287426     
   6.68384916666667       2.000000000000000E-003 -0.211088643206386     
   6.68384916666667       0.305720416666667      -0.206680557425828     
   6.68384916666667       0.609440833333333      -0.205946647540889     
   6.68384916666667       0.913161250000000      -0.206762123954740     
   6.68384916666667        1.21688166666667      -0.206159700634097     
   6.68384916666667        1.52060208333333      -0.204653261993636     
   6.68384916666667        1.82432250000000      -0.202982109220694     
   6.68384916666667        2.12804291666667      -0.201676682860179     
   6.68384916666667        2.43176333333333      -0.201029700369885     
   6.68384916666667        2.73548375000000      -0.200927027003915     
   6.68384916666667        3.03920416666667      -0.201048262678997     
   6.68384916666667        3.34292458333333      -0.200097033060130     
   6.68384916666667        3.64664500000000      -0.197108470668135     
   6.68384916666667        3.95036541666667      -0.192407389450594     
   6.68384916666667        4.25408583333333      -0.186726665582495     
   6.68384916666667        4.55780625000000      -0.180948479790221     
   6.68384916666667        4.86152666666667      -0.175993979376269     
   6.68384916666667        5.16524708333333      -0.171827084162277     
   6.68384916666667        5.46896750000000      -0.168517296875023     
   6.68384916666667        5.77268791666667      -0.165841417901567     
   6.68384916666667        6.07640833333333      -0.163510747845236     
   6.68384916666667        6.38012875000000      -0.161289937465911     
   6.68384916666667        6.68384916666667      -0.158996166177934     
   6.68384916666667        6.98756958333333      -0.156898873450231     
   6.68384916666667        7.29129000000000      -0.154743670412844     
   6.98756958333333       2.000000000000000E-003 -0.205029629635472     
   6.98756958333333       0.305720416666667      -0.200676758458577     
   6.98756958333333       0.609440833333333      -0.201635662935421     
   6.98756958333333       0.913161250000000      -0.200911728405502     
   6.98756958333333        1.21688166666667      -0.198663588555568     
   6.98756958333333        1.52060208333333      -0.196128492736274     
   6.98756958333333        1.82432250000000      -0.193885773651138     
   6.98756958333333        2.12804291666667      -0.192286507964169     
   6.98756958333333        2.43176333333333      -0.191601430684467     
   6.98756958333333        2.73548375000000      -0.191947334728106     
   6.98756958333333        3.03920416666667      -0.192880274496751     
   6.98756958333333        3.34292458333333      -0.192760009925445     
   6.98756958333333        3.64664500000000      -0.190453278550176     
   6.98756958333333        3.95036541666667      -0.186356902624887     
   6.98756958333333        4.25408583333333      -0.181040256659572     
   6.98756958333333        4.55780625000000      -0.175210986505164     
   6.98756958333333        4.86152666666667      -0.170235653349026     
   6.98756958333333        5.16524708333333      -0.166408176660223     
   6.98756958333333        5.46896750000000      -0.163565089319127     
   6.98756958333333        5.77268791666667      -0.161443144582334     
   6.98756958333333        6.07640833333333      -0.159778783292615     
   6.98756958333333        6.38012875000000      -0.158374419855509     
   6.98756958333333        6.68384916666667      -0.156898488678697     
   6.98756958333333        6.98756958333333      -0.155131458348014     
   6.98756958333333        7.29129000000000      -0.153616795326356     
   7.29129000000000       2.000000000000000E-003 -0.193206772906164     
   7.29129000000000       0.305720416666667      -0.197818896591754     
   7.29129000000000       0.609440833333333      -0.196547647719592     
   7.29129000000000       0.913161250000000      -0.193510573362745     
   7.29129000000000        1.21688166666667      -0.190381189091874     
   7.29129000000000        1.52060208333333      -0.187579818189357     
   7.29129000000000        1.82432250000000      -0.185269722304341     
   7.29129000000000        2.12804291666667      -0.183665990801048     
   7.29129000000000        2.43176333333333      -0.183079075400868     
   7.29129000000000        2.73548375000000      -0.183773732061720     
   7.29129000000000        3.03920416666667      -0.185277275964083     
   7.29129000000000        3.34292458333333      -0.185804636401747     
   7.29129000000000        3.64664500000000      -0.185244778712281     
   7.29129000000000        3.95036541666667      -0.180965276564891     
   7.29129000000000        4.25408583333333      -0.175899555248036     
   7.29129000000000        4.55780625000000      -0.169963731562840     
   7.29129000000000        4.86152666666667      -0.164927682224188     
   7.29129000000000        5.16524708333333      -0.161267848191185     
   7.29129000000000        5.46896750000000      -0.158745309602182     
   7.29129000000000        5.77268791666667      -0.156994309620618     
   7.29129000000000        6.07640833333333      -0.155803408453353     
   7.29129000000000        6.38012875000000      -0.155104331491244     
   7.29129000000000        6.68384916666667      -0.154742899176703     
   7.29129000000000        6.98756958333333      -0.153616239944802     
   7.29129000000000        7.29129000000000      -0.150180738569196     
