  2.000000000000000E-003  2.000000000000000E-003 -0.213916051929775     
  2.000000000000000E-003  0.305720416666667      -0.223935088121434     
  2.000000000000000E-003  0.609440833333333      -0.227709719754045     
  2.000000000000000E-003  0.913161250000000      -0.227165712646504     
  2.000000000000000E-003   1.21688166666667      -0.227197031620742     
  2.000000000000000E-003   1.52060208333333      -0.228732105501378     
  2.000000000000000E-003   1.82432250000000      -0.231837941107668     
  2.000000000000000E-003   2.12804291666667      -0.236777107197169     
  2.000000000000000E-003   2.43176333333333      -0.244332421001072     
  2.000000000000000E-003   2.73548375000000      -0.254440972379930     
  2.000000000000000E-003   3.03920416666667      -0.264653267919279     
  2.000000000000000E-003   3.34292458333333      -0.269071252324986     
  2.000000000000000E-003   3.64664500000000      -0.268155903107539     
  2.000000000000000E-003   3.95036541666667      -0.269063179570817     
  2.000000000000000E-003   4.25408583333333      -0.264642440970829     
  2.000000000000000E-003   4.55780625000000      -0.254438918302434     
  2.000000000000000E-003   4.86152666666667      -0.244345970986655     
  2.000000000000000E-003   5.16524708333333      -0.236810934021128     
  2.000000000000000E-003   5.46896750000000      -0.231896057446172     
  2.000000000000000E-003   5.77268791666667      -0.228821484794761     
  2.000000000000000E-003   6.07640833333333      -0.227324176762882     
  2.000000000000000E-003   6.38012875000000      -0.227332335733201     
  2.000000000000000E-003   6.68384916666667      -0.227906517603398     
  2.000000000000000E-003   6.98756958333333      -0.224133875210466     
  2.000000000000000E-003   7.29129000000000      -0.214064624219075     
  0.305720416666667       2.000000000000000E-003 -0.223935247329551     
  0.305720416666667       0.305720416666667      -0.224398416088302     
  0.305720416666667       0.609440833333333      -0.230319736623016     
  0.305720416666667       0.913161250000000      -0.234515837928423     
  0.305720416666667        1.21688166666667      -0.237148609806771     
  0.305720416666667        1.52060208333333      -0.240136091946724     
  0.305720416666667        1.82432250000000      -0.244233215427648     
  0.305720416666667        2.12804291666667      -0.249870006693265     
  0.305720416666667        2.43176333333333      -0.257459276427809     
  0.305720416666667        2.73548375000000      -0.266458128797207     
  0.305720416666667        3.03920416666667      -0.274168576739137     
  0.305720416666667        3.34292458333333      -0.276073693931359     
  0.305720416666667        3.64664500000000      -0.274230639136349     
  0.305720416666667        3.95036541666667      -0.276005674129768     
  0.305720416666667        4.25408583333333      -0.274100307945640     
  0.305720416666667        4.55780625000000      -0.266415858740791     
  0.305720416666667        4.86152666666667      -0.257446607292024     
  0.305720416666667        5.16524708333333      -0.249884678733706     
  0.305720416666667        5.46896750000000      -0.244274841997750     
  0.305720416666667        5.77268791666667      -0.240209509081487     
  0.305720416666667        6.07640833333333      -0.237258360352454     
  0.305720416666667        6.38012875000000      -0.234658949559775     
  0.305720416666667        6.68384916666667      -0.230475608563308     
  0.305720416666667        6.98756958333333      -0.224547501897085     
  0.305720416666667        7.29129000000000      -0.224133674268654     
  0.609440833333333       2.000000000000000E-003 -0.227709969524855     
  0.609440833333333       0.305720416666667      -0.230319922182368     
  0.609440833333333       0.609440833333333      -0.234870335082049     
  0.609440833333333       0.913161250000000      -0.241219098459064     
  0.609440833333333        1.21688166666667      -0.246611120111003     
  0.609440833333333        1.52060208333333      -0.251709877810451     
  0.609440833333333        1.82432250000000      -0.257338189540569     
  0.609440833333333        2.12804291666667      -0.264023878106639     
  0.609440833333333        2.43176333333333      -0.271878453155804     
  0.609440833333333        2.73548375000000      -0.279935254803217     
  0.609440833333333        3.03920416666667      -0.285937211328909     
  0.609440833333333        3.34292458333333      -0.287380383226483     
  0.609440833333333        3.64664500000000      -0.286563191560790     
  0.609440833333333        3.95036541666667      -0.287317199242490     
  0.609440833333333        4.25408583333333      -0.285861791205802     
  0.609440833333333        4.55780625000000      -0.279880422175071     
  0.609440833333333        4.86152666666667      -0.271852468050397     
  0.609440833333333        5.16524708333333      -0.264022357407626     
  0.609440833333333        5.46896750000000      -0.257359977583418     
  0.609440833333333        5.77268791666667      -0.251757336357221     
  0.609440833333333        6.07640833333333      -0.246685723370970     
  0.609440833333333        6.38012875000000      -0.241317202375108     
  0.609440833333333        6.68384916666667      -0.234986282149235     
  0.609440833333333        6.98756958333333      -0.230475625761405     
  0.609440833333333        7.29129000000000      -0.227906531923015     
  0.913161250000000       2.000000000000000E-003 -0.227166033163585     
  0.913161250000000       0.305720416666667      -0.234516116625166     
  0.913161250000000       0.609440833333333      -0.241219239333875     
  0.913161250000000       0.913161250000000      -0.248783004859133     
  0.913161250000000        1.21688166666667      -0.256286687260267     
  0.913161250000000        1.52060208333333      -0.263644005472533     
  0.913161250000000        1.82432250000000      -0.271283714615268     
  0.913161250000000        2.12804291666667      -0.279630865171636     
  0.913161250000000        2.43176333333333      -0.288580908275141     
  0.913161250000000        2.73548375000000      -0.297216315562989     
  0.913161250000000        3.03920416666667      -0.304085387646062     
  0.913161250000000        3.34292458333333      -0.307675602959932     
  0.913161250000000        3.64664500000000      -0.308518180814004     
  0.913161250000000        3.95036541666667      -0.307635020380719     
  0.913161250000000        4.25408583333333      -0.304030832841140     
  0.913161250000000        4.55780625000000      -0.297172192707339     
  0.913161250000000        4.86152666666667      -0.288554077351727     
  0.913161250000000        5.16524708333333      -0.279620470030708     
  0.913161250000000        5.46896750000000      -0.271289370359770     
  0.913161250000000        5.77268791666667      -0.263667431448104     
  0.913161250000000        6.07640833333333      -0.256330174056445     
  0.913161250000000        6.38012875000000      -0.248849545048596     
  0.913161250000000        6.68384916666667      -0.241317241985697     
  0.913161250000000        6.98756958333333      -0.234658979446836     
  0.913161250000000        7.29129000000000      -0.227332080879241     
   1.21688166666667       2.000000000000000E-003 -0.227197322627682     
   1.21688166666667       0.305720416666667      -0.237148889652358     
   1.21688166666667       0.609440833333333      -0.246611322896751     
   1.21688166666667       0.913161250000000      -0.256286785056370     
   1.21688166666667        1.21688166666667      -0.266071981532784     
   1.21688166666667        1.52060208333333      -0.275903796204845     
   1.21688166666667        1.82432250000000      -0.285956369494877     
   1.21688166666667        2.12804291666667      -0.296547074462739     
   1.21688166666667        2.43176333333333      -0.307367564294276     
   1.21688166666667        2.73548375000000      -0.317478469238924     
   1.21688166666667        3.03920416666667      -0.325788934503027     
   1.21688166666667        3.34292458333333      -0.331236508221848     
   1.21688166666667        3.64664500000000      -0.333070873596589     
   1.21688166666667        3.95036541666667      -0.331215489797963     
   1.21688166666667        4.25408583333333      -0.325758980843772     
   1.21688166666667        4.55780625000000      -0.317450607764086     
   1.21688166666667        4.86152666666667      -0.307347025386512     
   1.21688166666667        5.16524708333333      -0.296535581045827     
   1.21688166666667        5.46896750000000      -0.285953623207313     
   1.21688166666667        5.77268791666667      -0.275911210778180     
   1.21688166666667        6.07640833333333      -0.266093946939523     
   1.21688166666667        6.38012875000000      -0.256330258977302     
   1.21688166666667        6.68384916666667      -0.246685816432382     
   1.21688166666667        6.98756958333333      -0.237258315738503     
   1.21688166666667        7.29129000000000      -0.227323675721259     
   1.52060208333333       2.000000000000000E-003 -0.228732328011311     
   1.52060208333333       0.305720416666667      -0.240136329217848     
   1.52060208333333       0.609440833333333      -0.251710087238034     
   1.52060208333333       0.913161250000000      -0.263644150098727     
   1.52060208333333        1.21688166666667      -0.275903861536189     
   1.52060208333333        1.52060208333333      -0.288379195563717     
   1.52060208333333        1.82432250000000      -0.301161463035840     
   1.52060208333333        2.12804291666667      -0.314349092990944     
   1.52060208333333        2.43176333333333      -0.327357766226098     
   1.52060208333333        2.73548375000000      -0.339281500457258     
   1.52060208333333        3.03920416666667      -0.349013662959451     
   1.52060208333333        3.34292458333333      -0.355425605272475     
   1.52060208333333        3.64664500000000      -0.357664911698745     
   1.52060208333333        3.95036541666667      -0.355416879499695     
   1.52060208333333        4.25408583333333      -0.349000106296857     
   1.52060208333333        4.55780625000000      -0.339267604978749     
   1.52060208333333        4.86152666666667      -0.327346479121175     
   1.52060208333333        5.16524708333333      -0.314341523128143     
   1.52060208333333        5.46896750000000      -0.301157407837620     
   1.52060208333333        5.77268791666667      -0.288378528352926     
   1.52060208333333        6.07640833333333      -0.275911325906320     
   1.52060208333333        6.38012875000000      -0.263667619965446     
   1.52060208333333        6.68384916666667      -0.251757499556295     
   1.52060208333333        6.98756958333333      -0.240209447530652     
   1.52060208333333        7.29129000000000      -0.228820904495031     
   1.82432250000000       2.000000000000000E-003 -0.231838085484934     
   1.82432250000000       0.305720416666667      -0.244233387470441     
   1.82432250000000       0.609440833333333      -0.257338360302578     
   1.82432250000000       0.913161250000000      -0.271283850930435     
   1.82432250000000        1.21688166666667      -0.285956449802361     
   1.82432250000000        1.52060208333333      -0.301161492104798     
   1.82432250000000        1.82432250000000      -0.316782359184678     
   1.82432250000000        2.12804291666667      -0.332433331635555     
   1.82432250000000        2.43176333333333      -0.347490301292824     
   1.82432250000000        2.73548375000000      -0.361087458522468     
   1.82432250000000        3.03920416666667      -0.372108756947056     
   1.82432250000000        3.34292458333333      -0.379354908708873     
   1.82432250000000        3.64664500000000      -0.381887472947271     
   1.82432250000000        3.95036541666667      -0.379352975206824     
   1.82432250000000        4.25408583333333      -0.372105930590745     
   1.82432250000000        4.55780625000000      -0.361084820841308     
   1.82432250000000        4.86152666666667      -0.347488228480179     
   1.82432250000000        5.16524708333333      -0.332431294986885     
   1.82432250000000        5.46896750000000      -0.316779438735232     
   1.82432250000000        5.77268791666667      -0.301157500932485     
   1.82432250000000        6.07640833333333      -0.285953827571840     
   1.82432250000000        6.38012875000000      -0.271289643357920     
   1.82432250000000        6.68384916666667      -0.257360198429405     
   1.82432250000000        6.98756958333333      -0.244274834677211     
   1.82432250000000        7.29129000000000      -0.231895543350487     
   2.12804291666667       2.000000000000000E-003 -0.236777166844057     
   2.12804291666667       0.305720416666667      -0.249870092272375     
   2.12804291666667       0.609440833333333      -0.264023972464776     
   2.12804291666667       0.913161250000000      -0.279630944794096     
   2.12804291666667        1.21688166666667      -0.296547126105110     
   2.12804291666667        1.52060208333333      -0.314349115707079     
   2.12804291666667        1.82432250000000      -0.332433334546963     
   2.12804291666667        2.12804291666667      -0.350153925099423     
   2.12804291666667        2.43176333333333      -0.366844307329091     
   2.12804291666667        2.73548375000000      -0.381691208579061     
   2.12804291666667        3.03920416666667      -0.393624056302264     
   2.12804291666667        3.34292458333333      -0.401435527831964     
   2.12804291666667        3.64664500000000      -0.404160946726262     
   2.12804291666667        3.95036541666667      -0.401437656983299     
   2.12804291666667        4.25408583333333      -0.393628063098811     
   2.12804291666667        4.55780625000000      -0.381696444283931     
   2.12804291666667        4.86152666666667      -0.366849250208380     
   2.12804291666667        5.16524708333333      -0.350156474808463     
   2.12804291666667        5.46896750000000      -0.332431347465983     
   2.12804291666667        5.77268791666667      -0.314341683144481     
   2.12804291666667        6.07640833333333      -0.296535858654320     
   2.12804291666667        6.38012875000000      -0.279620802275161     
   2.12804291666667        6.68384916666667      -0.264022618589761     
   2.12804291666667        6.98756958333333      -0.249884715448522     
   2.12804291666667        7.29129000000000      -0.236810533375340     
   2.43176333333333       2.000000000000000E-003 -0.244332408235888     
   2.43176333333333       0.305720416666667      -0.257459283232679     
   2.43176333333333       0.609440833333333      -0.271878466422822     
   2.43176333333333       0.913161250000000      -0.288580915540982     
   2.43176333333333        1.21688166666667      -0.307367560318512     
   2.43176333333333        1.52060208333333      -0.327357750308406     
   2.43176333333333        1.82432250000000      -0.347490278460394     
   2.43176333333333        2.12804291666667      -0.366844288635232     
   2.43176333333333        2.43176333333333      -0.384686214022702     
   2.43176333333333        2.73548375000000      -0.400279546552314     
   2.43176333333333        3.03920416666667      -0.412673448397594     
   2.43176333333333        3.34292458333333      -0.420740492411277     
   2.43176333333333        3.64664500000000      -0.423548428181473     
   2.43176333333333        3.95036541666667      -0.420744527294205     
   2.43176333333333        4.25408583333333      -0.412680873812784     
   2.43176333333333        4.55780625000000      -0.400288866099338     
   2.43176333333333        4.86152666666667      -0.384694964677837     
   2.43176333333333        5.16524708333333      -0.366849285606520     
   2.43176333333333        5.46896750000000      -0.347488316641436     
   2.43176333333333        5.77268791666667      -0.327346679851440     
   2.43176333333333        6.07640833333333      -0.307347349876053     
   2.43176333333333        6.38012875000000      -0.288554455704987     
   2.43176333333333        6.68384916666667      -0.271852762359164     
   2.43176333333333        6.98756958333333      -0.257446680562253     
   2.43176333333333        7.29129000000000      -0.244345688323468     
   2.73548375000000       2.000000000000000E-003 -0.254440913597638     
   2.73548375000000       0.305720416666667      -0.266458056057037     
   2.73548375000000       0.609440833333333      -0.279935173935807     
   2.73548375000000       0.913161250000000      -0.297216227964875     
   2.73548375000000        1.21688166666667      -0.317478377179415     
   2.73548375000000        1.52060208333333      -0.339281412914420     
   2.73548375000000        1.82432250000000      -0.361087381128340     
   2.73548375000000        2.12804291666667      -0.381691149129749     
   2.73548375000000        2.43176333333333      -0.400279513618204     
   2.73548375000000        2.73548375000000      -0.416203935640375     
   2.73548375000000        3.03920416666667      -0.428698654571554     
   2.73548375000000        3.34292458333333      -0.436797627505716     
   2.73548375000000        3.64664500000000      -0.439618484318645     
   2.73548375000000        3.95036541666667      -0.436801927146413     
   2.73548375000000        4.25408583333333      -0.428706562961491     
   2.73548375000000        4.55780625000000      -0.416213851628386     
   2.73548375000000        4.86152666666667      -0.400288813379652     
   2.73548375000000        5.16524708333333      -0.381696430253973     
   2.73548375000000        5.46896750000000      -0.361084885684887     
   2.73548375000000        5.77268791666667      -0.339267841700619     
   2.73548375000000        6.07640833333333      -0.317450977474961     
   2.73548375000000        6.38012875000000      -0.297172580727026     
   2.73548375000000        6.68384916666667      -0.279880710669162     
   2.73548375000000        6.98756958333333      -0.266415897405266     
   2.73548375000000        7.29129000000000      -0.254438737045430     
   3.03920416666667       2.000000000000000E-003 -0.264653227247331     
   3.03920416666667       0.305720416666667      -0.274168431642899     
   3.03920416666667       0.609440833333333      -0.285936972923373     
   3.03920416666667       0.913161250000000      -0.304085134836744     
   3.03920416666667        1.21688166666667      -0.325788711901897     
   3.03920416666667        1.52060208333333      -0.349013473354843     
   3.03920416666667        1.82432250000000      -0.372108601610288     
   3.03920416666667        2.12804291666667      -0.393623939058348     
   3.03920416666667        2.43176333333333      -0.412673372518222     
   3.03920416666667        2.73548375000000      -0.428698619247608     
   3.03920416666667        3.03920416666667      -0.441147689806366     
   3.03920416666667        3.34292458333333      -0.449238408211125     
   3.03920416666667        3.64664500000000      -0.452078791876690     
   3.03920416666667        3.95036541666667      -0.449241812788554     
   3.03920416666667        4.25408583333333      -0.441153935810388     
   3.03920416666667        4.55780625000000      -0.428706514572910     
   3.03920416666667        4.86152666666667      -0.412680797697767     
   3.03920416666667        5.16524708333333      -0.393628012331228     
   3.03920416666667        5.46896750000000      -0.372106019716809     
   3.03920416666667        5.77268791666667      -0.349000358399168     
   3.03920416666667        6.07640833333333      -0.325759360561291     
   3.03920416666667        6.38012875000000      -0.304031273823079     
   3.03920416666667        6.68384916666667      -0.285862156097431     
   3.03920416666667        6.98756958333333      -0.274100456028920     
   3.03920416666667        7.29129000000000      -0.264642508974560     
   3.34292458333333       2.000000000000000E-003 -0.269071248433515     
   3.34292458333333       0.305720416666667      -0.276073437661397     
   3.34292458333333       0.609440833333333      -0.287379908651966     
   3.34292458333333       0.913161250000000      -0.307675109257058     
   3.34292458333333        1.21688166666667      -0.331236114616240     
   3.34292458333333        1.52060208333333      -0.355425297600439     
   3.34292458333333        1.82432250000000      -0.379354666375062     
   3.34292458333333        2.12804291666667      -0.401435347272988     
   3.34292458333333        2.43176333333333      -0.420740371844620     
   3.34292458333333        2.73548375000000      -0.436797559888755     
   3.34292458333333        3.03920416666667      -0.449238381432008     
   3.34292458333333        3.34292458333333      -0.457416601746015     
   3.34292458333333        3.64664500000000      -0.460334955928110     
   3.34292458333333        3.95036541666667      -0.457418446705832     
   3.34292458333333        4.25408583333333      -0.449241783107060     
   3.34292458333333        4.55780625000000      -0.436801824561723     
   3.34292458333333        4.86152666666667      -0.420744444264282     
   3.34292458333333        5.16524708333333      -0.401437593497223     
   3.34292458333333        5.46896750000000      -0.379353076568485     
   3.34292458333333        5.77268791666667      -0.355417174447751     
   3.34292458333333        6.07640833333333      -0.331215862648272     
   3.34292458333333        6.38012875000000      -0.307635533670429     
   3.34292458333333        6.68384916666667      -0.287317755074290     
   3.34292458333333        6.98756958333333      -0.276006171781457     
   3.34292458333333        7.29129000000000      -0.269063946276014     
   3.64664500000000       2.000000000000000E-003 -0.268155961827067     
   3.64664500000000       0.305720416666667      -0.274230203273817     
   3.64664500000000       0.609440833333333      -0.286562454684904     
   3.64664500000000       0.913161250000000      -0.308517455352403     
   3.64664500000000        1.21688166666667      -0.333070320639709     
   3.64664500000000        1.52060208333333      -0.357664502528798     
   3.64664500000000        1.82432250000000      -0.381887157909964     
   3.64664500000000        2.12804291666667      -0.404160714589263     
   3.64664500000000        2.43176333333333      -0.423548273191302     
   3.64664500000000        2.73548375000000      -0.439618394757368     
   3.64664500000000        3.03920416666667      -0.452078750281118     
   3.64664500000000        3.34292458333333      -0.460334943657371     
   3.64664500000000        3.64664500000000      -0.463312501041572     
   3.64664500000000        3.95036541666667      -0.460334948329438     
   3.64664500000000        4.25408583333333      -0.452078758483606     
   3.64664500000000        4.55780625000000      -0.439618367913708     
   3.64664500000000        4.86152666666667      -0.423548316267659     
   3.64664500000000        5.16524708333333      -0.404160927302505     
   3.64664500000000        5.46896750000000      -0.381887592544079     
   3.64664500000000        5.77268791666667      -0.357665232543081     
   3.64664500000000        6.07640833333333      -0.333071325354720     
   3.64664500000000        6.38012875000000      -0.308518750124376     
   3.64664500000000        6.68384916666667      -0.286563847368490     
   3.64664500000000        6.98756958333333      -0.274231281360855     
   3.64664500000000        7.29129000000000      -0.268157107309164     
   3.95036541666667       2.000000000000000E-003 -0.269063129888541     
   3.95036541666667       0.305720416666667      -0.276005104732128     
   3.95036541666667       0.609440833333333      -0.287316344923490     
   3.95036541666667       0.913161250000000      -0.307634199424912     
   3.95036541666667        1.21688166666667      -0.331214874845917     
   3.95036541666667        1.52060208333333      -0.355416424409917     
   3.95036541666667        1.82432250000000      -0.379352626804399     
   3.95036541666667        2.12804291666667      -0.401437403349512     
   3.95036541666667        2.43176333333333      -0.420744361347451     
   3.95036541666667        2.73548375000000      -0.436801834700275     
   3.95036541666667        3.03920416666667      -0.449241773244654     
   3.95036541666667        3.34292458333333      -0.457418438540531     
   3.95036541666667        3.64664500000000      -0.460334952728492     
   3.95036541666667        3.95036541666667      -0.457416554950617     
   3.95036541666667        4.25408583333333      -0.449238364204304     
   3.95036541666667        4.55780625000000      -0.436797562941936     
   3.95036541666667        4.86152666666667      -0.420740480708111     
   3.95036541666667        5.16524708333333      -0.401435613701069     
   3.95036541666667        5.46896750000000      -0.379355134111126     
   3.95036541666667        5.77268791666667      -0.355426026038227     
   3.95036541666667        6.07640833333333      -0.331237000904650     
   3.95036541666667        6.38012875000000      -0.307676139382716     
   3.95036541666667        6.68384916666667      -0.287380882314772     
   3.95036541666667        6.98756958333333      -0.276074128201475     
   3.95036541666667        7.29129000000000      -0.269072021738153     
   4.25408583333333       2.000000000000000E-003 -0.264642308715498     
   4.25408583333333       0.305720416666667      -0.274099773437987     
   4.25408583333333       0.609440833333333      -0.285861031642497     
   4.25408583333333       0.913161250000000      -0.304030108442712     
   4.25408583333333        1.21688166666667      -0.325758427263782     
   4.25408583333333        1.52060208333333      -0.348999678241262     
   4.25408583333333        1.82432250000000      -0.372105602306874     
   4.25408583333333        2.12804291666667      -0.393627829515356     
   4.25408583333333        2.43176333333333      -0.412680729331818     
   4.25408583333333        2.73548375000000      -0.428706493411639     
   4.25408583333333        3.03920416666667      -0.441153920039330     
   4.25408583333333        3.34292458333333      -0.449241798744569     
   4.25408583333333        3.64664500000000      -0.452078786041595     
   4.25408583333333        3.95036541666667      -0.449238386702412     
   4.25408583333333        4.25408583333333      -0.441147646512103     
   4.25408583333333        4.55780625000000      -0.428698695300809     
   4.25408583333333        4.86152666666667      -0.412673528097703     
   4.25408583333333        5.16524708333333      -0.393624206590488     
   4.25408583333333        5.46896750000000      -0.372109103683039     
   4.25408583333333        5.77268791666667      -0.349014176427164     
   4.25408583333333        6.07640833333333      -0.325789529742526     
   4.25408583333333        6.38012875000000      -0.304085995462000     
   4.25408583333333        6.68384916666667      -0.285937748768851     
   4.25408583333333        6.98756958333333      -0.274169079148474     
   4.25408583333333        7.29129000000000      -0.264653962210870     
   4.55780625000000       2.000000000000000E-003 -0.254438748162764     
   4.55780625000000       0.305720416666667      -0.266415442665135     
   4.55780625000000       0.609440833333333      -0.279879874053977     
   4.55780625000000       0.913161250000000      -0.297171679366494     
   4.55780625000000        1.21688166666667      -0.317450183059893     
   4.55780625000000        1.52060208333333      -0.339267262995314     
   4.55780625000000        1.82432250000000      -0.361084561424208     
   4.55780625000000        2.12804291666667      -0.381696270007045     
   4.55780625000000        2.43176333333333      -0.400288774262467     
   4.55780625000000        2.73548375000000      -0.416213830299773     
   4.55780625000000        3.03920416666667      -0.428706544550711     
   4.55780625000000        3.34292458333333      -0.436801884576122     
   4.55780625000000        3.64664500000000      -0.439618438719048     
   4.55780625000000        3.95036541666667      -0.436797627535161     
   4.55780625000000        4.25408583333333      -0.428698736552213     
   4.55780625000000        4.55780625000000      -0.416204080190071     
   4.55780625000000        4.86152666666667      -0.400279757410131     
   4.55780625000000        5.16524708333333      -0.381691516415321     
   4.55780625000000        5.46896750000000      -0.361087884834978     
   4.55780625000000        5.77268791666667      -0.339282089388822     
   4.55780625000000        6.07640833333333      -0.317479179672035     
   4.55780625000000        6.38012875000000      -0.297217028370597     
   4.55780625000000        6.68384916666667      -0.279935903392165     
   4.55780625000000        6.98756958333333      -0.266458726705621     
   4.55780625000000        7.29129000000000      -0.254441475584443     
   4.86152666666667       2.000000000000000E-003 -0.244345821075799     
   4.86152666666667       0.305720416666667      -0.257446335897841     
   4.86152666666667       0.609440833333333      -0.271852142036725     
   4.86152666666667       0.913161250000000      -0.288553757792725     
   4.86152666666667        1.21688166666667      -0.307346744592316     
   4.86152666666667        1.52060208333333      -0.327346252228523     
   4.86152666666667        1.82432250000000      -0.347488065351815     
   4.86152666666667        2.12804291666667      -0.366849157571774     
   4.86152666666667        2.43176333333333      -0.384694943114650     
   4.86152666666667        2.73548375000000      -0.400288855015054     
   4.86152666666667        3.03920416666667      -0.412680887394720     
   4.86152666666667        3.34292458333333      -0.420744563430470     
   4.86152666666667        3.64664500000000      -0.423548446370562     
   4.86152666666667        3.95036541666667      -0.420740604107941     
   4.86152666666667        4.25408583333333      -0.412673626925953     
   4.86152666666667        4.55780625000000      -0.400279813876472     
   4.86152666666667        4.86152666666667      -0.384686568116193     
   4.86152666666667        5.16524708333333      -0.366844775666700     
   4.86152666666667        5.46896750000000      -0.347490875768611     
   4.86152666666667        5.77268791666667      -0.327358453549601     
   4.86152666666667        6.07640833333333      -0.307368334918890     
   4.86152666666667        6.38012875000000      -0.288581708144965     
   4.86152666666667        6.68384916666667      -0.271879179629544     
   4.86152666666667        6.98756958333333      -0.257459841008922     
   4.86152666666667        7.29129000000000      -0.244332639673765     
   5.16524708333333       2.000000000000000E-003 -0.236810840506825     
   5.16524708333333       0.305720416666667      -0.249884528226128     
   5.16524708333333       0.609440833333333      -0.264022177315148     
   5.16524708333333       0.913161250000000      -0.279620295138193     
   5.16524708333333        1.21688166666667      -0.296535431018301     
   5.16524708333333        1.52060208333333      -0.314341409541490     
   5.16524708333333        1.82432250000000      -0.332431227415981     
   5.16524708333333        2.12804291666667      -0.350156461571621     
   5.16524708333333        2.43176333333333      -0.366849331132139     
   5.16524708333333        2.73548375000000      -0.381696532284857     
   5.16524708333333        3.03920416666667      -0.393628161394836     
   5.16524708333333        3.34292458333333      -0.401437774686207     
   5.16524708333333        3.64664500000000      -0.404161122677215     
   5.16524708333333        3.95036541666667      -0.401435803741888     
   5.16524708333333        4.25408583333333      -0.393624371030619     
   5.16524708333333        4.55780625000000      -0.381691636281983     
   5.16524708333333        4.86152666666667      -0.366844837367743     
   5.16524708333333        5.16524708333333      -0.350154583449181     
   5.16524708333333        5.46896750000000      -0.332434060891816     
   5.16524708333333        5.77268791666667      -0.314349862730260     
   5.16524708333333        6.07640833333333      -0.296547886574634     
   5.16524708333333        6.38012875000000      -0.279631677054872     
   5.16524708333333        6.68384916666667      -0.264024598610644     
   5.16524708333333        6.98756958333333      -0.249870463718275     
   5.16524708333333        7.29129000000000      -0.236777043120144     
   5.46896750000000       2.000000000000000E-003 -0.231896059503918     
   5.46896750000000       0.305720416666667      -0.244274817056553     
   5.46896750000000       0.609440833333333      -0.257359929355932     
   5.46896750000000       0.913161250000000      -0.271289312654721     
   5.46896750000000        1.21688166666667      -0.285953576022604     
   5.46896750000000        1.52060208333333      -0.301157383059492     
   5.46896750000000        1.82432250000000      -0.316779443111557     
   5.46896750000000        2.12804291666667      -0.332431391010391     
   5.46896750000000        2.43176333333333      -0.347488408695209     
   5.46896750000000        2.73548375000000      -0.361085030799093     
   5.46896750000000        3.03920416666667      -0.372106215121947     
   5.46896750000000        3.34292458333333      -0.379353311490649     
   5.46896750000000        3.64664500000000      -0.381887848847104     
   5.46896750000000        3.95036541666667      -0.379355388382959     
   5.46896750000000        4.25408583333333      -0.372109331074057     
   5.46896750000000        4.55780625000000      -0.361088063812779     
   5.46896750000000        4.86152666666667      -0.347490992702880     
   5.46896750000000        5.16524708333333      -0.332434113750026     
   5.46896750000000        5.46896750000000      -0.316783149147445     
   5.46896750000000        5.77268791666667      -0.301162271199479     
   5.46896750000000        6.07640833333333      -0.285957183724708     
   5.46896750000000        6.38012875000000      -0.271284509199384     
   5.46896750000000        6.68384916666667      -0.257338838791024     
   5.46896750000000        6.98756958333333      -0.244233521156574     
   5.46896750000000        7.29129000000000      -0.231837596961983     
   5.77268791666667       2.000000000000000E-003 -0.228821608112334     
   5.77268791666667       0.305720416666667      -0.240209618403391     
   5.77268791666667       0.609440833333333      -0.251757412914638     
   5.77268791666667       0.913161250000000      -0.263667472585279     
   5.77268791666667        1.21688166666667      -0.275911232698206     
   5.77268791666667        1.52060208333333      -0.288378555878204     
   5.77268791666667        1.82432250000000      -0.301157544713886     
   5.77268791666667        2.12804291666667      -0.314341754299944     
   5.77268791666667        2.43176333333333      -0.327346793501225     
   5.77268791666667        2.73548375000000      -0.339268009647740     
   5.77268791666667        3.03920416666667      -0.349000585383155     
   5.77268791666667        3.34292458333333      -0.355417454551702     
   5.77268791666667        3.64664500000000      -0.357665545893037     
   5.77268791666667        3.95036541666667      -0.355426340854519     
   5.77268791666667        4.25408583333333      -0.349014459393373     
   5.77268791666667        4.55780625000000      -0.339282315663224     
   5.77268791666667        4.86152666666667      -0.327358610294111     
   5.77268791666667        5.16524708333333      -0.314349949663417     
   5.77268791666667        5.46896750000000      -0.301162301045372     
   5.77268791666667        5.77268791666667      -0.288379973632201     
   5.77268791666667        6.07640833333333      -0.275904566364191     
   5.77268791666667        6.38012875000000      -0.263644736550387     
   5.77268791666667        6.68384916666667      -0.251710445396481     
   5.77268791666667        6.98756958333333      -0.240136288258325     
   5.77268791666667        7.29129000000000      -0.228731582457489     
   6.07640833333333       2.000000000000000E-003 -0.227324442213455     
   6.07640833333333       0.305720416666667      -0.237258606681162     
   6.07640833333333       0.609440833333333      -0.246685904164484     
   6.07640833333333       0.913161250000000      -0.256330280879709     
   6.07640833333333        1.21688166666667      -0.266094000995438     
   6.07640833333333        1.52060208333333      -0.275911363608129     
   6.07640833333333        1.82432250000000      -0.285953881281063     
   6.07640833333333        2.12804291666667      -0.296535936378589     
   6.07640833333333        2.43176333333333      -0.307347470264656     
   6.07640833333333        2.73548375000000      -0.317451159051491     
   6.07640833333333        3.03920416666667      -0.325759617639053     
   6.07640833333333        3.34292458333333      -0.331216199532962     
   6.07640833333333        3.64664500000000      -0.333071719338816     
   6.07640833333333        3.95036541666667      -0.331237395908997     
   6.07640833333333        4.25408583333333      -0.325789872251074     
   6.07640833333333        4.55780625000000      -0.317479444067184     
   6.07640833333333        4.86152666666667      -0.307368515062458     
   6.07640833333333        5.16524708333333      -0.296547986114076     
   6.07640833333333        5.46896750000000      -0.285957214131843     
   6.07640833333333        5.77268791666667      -0.275904556411740     
   6.07640833333333        6.07640833333333      -0.266072631038753     
   6.07640833333333        6.38012875000000      -0.256287285311941     
   6.07640833333333        6.68384916666667      -0.246611557558615     
   6.07640833333333        6.98756958333333      -0.237148654472248     
   6.07640833333333        7.29129000000000      -0.227196381692726     
   6.38012875000000       2.000000000000000E-003 -0.227332771328769     
   6.38012875000000       0.305720416666667      -0.234659318631863     
   6.38012875000000       0.609440833333333      -0.241317431332532     
   6.38012875000000       0.913161250000000      -0.248849657634608     
   6.38012875000000        1.21688166666667      -0.256330302831954     
   6.38012875000000        1.52060208333333      -0.263667640161173     
   6.38012875000000        1.82432250000000      -0.271289681711908     
   6.38012875000000        2.12804291666667      -0.279620879795698     
   6.38012875000000        2.43176333333333      -0.288554584381051     
   6.38012875000000        2.73548375000000      -0.297172783830713     
   6.38012875000000        3.03920416666667      -0.304031585857229     
   6.38012875000000        3.34292458333333      -0.307635963669453     
   6.38012875000000        3.64664500000000      -0.308519259743217     
   6.38012875000000        3.95036541666667      -0.307676650545189     
   6.38012875000000        4.25408583333333      -0.304086425747707     
   6.38012875000000        4.55780625000000      -0.297217335055910     
   6.38012875000000        4.86152666666667      -0.288581902847126     
   6.38012875000000        5.16524708333333      -0.279631774687009     
   6.38012875000000        5.46896750000000      -0.271284517692102     
   6.38012875000000        5.77268791666667      -0.263644678763715     
   6.38012875000000        6.07640833333333      -0.256287212873292     
   6.38012875000000        6.38012875000000      -0.248783319280450     
   6.38012875000000        6.68384916666667      -0.241219234046090     
   6.38012875000000        6.98756958333333      -0.234515593440836     
   6.38012875000000        7.29129000000000      -0.227164900721897     
   6.68384916666667       2.000000000000000E-003 -0.227907108973477     
   6.68384916666667       0.305720416666667      -0.230475981579564     
   6.68384916666667       0.609440833333333      -0.234986399545139     
   6.68384916666667       0.913161250000000      -0.241317246760265     
   6.68384916666667        1.21688166666667      -0.246685793012386     
   6.68384916666667        1.52060208333333      -0.251757482462197     
   6.68384916666667        1.82432250000000      -0.257360215352458     
   6.68384916666667        2.12804291666667      -0.264022697535840     
   6.68384916666667        2.43176333333333      -0.271852912111907     
   6.68384916666667        2.73548375000000      -0.279880966766754     
   6.68384916666667        3.03920416666667      -0.285862536856462     
   6.68384916666667        3.34292458333333      -0.287318246193151     
   6.68384916666667        3.64664500000000      -0.286564409273479     
   6.68384916666667        3.95036541666667      -0.287381427034123     
   6.68384916666667        4.25408583333333      -0.285938216191549     
   6.68384916666667        4.55780625000000      -0.279936252676166     
   6.68384916666667        4.86152666666667      -0.271879390501123     
   6.68384916666667        5.16524708333333      -0.264024693521618     
   6.68384916666667        5.46896750000000      -0.257338819508029     
   6.68384916666667        5.77268791666667      -0.251710318246693     
   6.68384916666667        6.07640833333333      -0.246611355779955     
   6.68384916666667        6.38012875000000      -0.241219044287630     
   6.68384916666667        6.68384916666667      -0.234869894896093     
   6.68384916666667        6.98756958333333      -0.230318987761755     
   6.68384916666667        7.29129000000000      -0.227708659375147     
   6.98756958333333       2.000000000000000E-003 -0.224134342309959     
   6.98756958333333       0.305720416666667      -0.224547566981281     
   6.98756958333333       0.609440833333333      -0.230475404099380     
   6.98756958333333       0.913161250000000      -0.234658761658876     
   6.98756958333333        1.21688166666667      -0.237258178985732     
   6.98756958333333        1.52060208333333      -0.240209380515173     
   6.98756958333333        1.82432250000000      -0.244274830397648     
   6.98756958333333        2.12804291666667      -0.249884795861784     
   6.98756958333333        2.43176333333333      -0.257446863880011     
   6.98756958333333        2.73548375000000      -0.266416226746874     
   6.98756958333333        3.03920416666667      -0.274100887927467     
   6.98756958333333        3.34292458333333      -0.276006660507386     
   6.98756958333333        3.64664500000000      -0.274231820250077     
   6.98756958333333        3.95036541666667      -0.276074617598107     
   6.98756958333333        4.25408583333333      -0.274169512028227     
   6.98756958333333        4.55780625000000      -0.266459084639757     
   6.98756958333333        4.86152666666667      -0.257460074325657     
   6.98756958333333        5.16524708333333      -0.249870563200189     
   6.98756958333333        5.46896750000000      -0.244233483368019     
   6.98756958333333        5.77268791666667      -0.240136098681035     
   6.98756958333333        6.07640833333333      -0.237148307319386     
   6.98756958333333        6.38012875000000      -0.234515124395449     
   6.98756958333333        6.68384916666667      -0.230318562431730     
   6.98756958333333        6.98756958333333      -0.224396890397014     
   6.98756958333333        7.29129000000000      -0.223933844761354     
   7.29129000000000       2.000000000000000E-003 -0.214064683883563     
   7.29129000000000       0.305720416666667      -0.224133360481415     
   7.29129000000000       0.609440833333333      -0.227906039908096     
   7.29129000000000       0.913161250000000      -0.227331697504134     
   7.29129000000000        1.21688166666667      -0.227323452271328     
   7.29129000000000        1.52060208333333      -0.228820793780017     
   7.29129000000000        1.82432250000000      -0.231895515890474     
   7.29129000000000        2.12804291666667      -0.236810608470674     
   7.29129000000000        2.43176333333333      -0.244345900252584     
   7.29129000000000        2.73548375000000      -0.254439122611515     
   7.29129000000000        3.03920416666667      -0.264642992100170     
   7.29129000000000        3.34292458333333      -0.269064418658869     
   7.29129000000000        3.64664500000000      -0.268157521293183     
   7.29129000000000        3.95036541666667      -0.269072447645095     
   7.29129000000000        4.25408583333333      -0.264654379438373     
   7.29129000000000        4.55780625000000      -0.254441843709137     
   7.29129000000000        4.86152666666667      -0.244332891738936     
   7.29129000000000        5.16524708333333      -0.236777151659096     
   7.29129000000000        5.46896750000000      -0.231837555813024     
   7.29129000000000        5.77268791666667      -0.228731365488964     
   7.29129000000000        6.07640833333333      -0.227195953709558     
   7.29129000000000        6.38012875000000      -0.227164230226282     
   7.29129000000000        6.68384916666667      -0.227707800748532     
   7.29129000000000        6.98756958333333      -0.223933235588661     
   7.29129000000000        7.29129000000000      -0.213913894447121     
