  2.000000000000000E-003  2.000000000000000E-003 -0.307348727145102     
  2.000000000000000E-003  0.305720416666667      -0.310496240274425     
  2.000000000000000E-003  0.609440833333333      -0.300834828697048     
  2.000000000000000E-003  0.913161250000000      -0.289230147537521     
  2.000000000000000E-003   1.21688166666667      -0.276836095565252     
  2.000000000000000E-003   1.52060208333333      -0.264646718828067     
  2.000000000000000E-003   1.82432250000000      -0.253434585450098     
  2.000000000000000E-003   2.12804291666667      -0.243820455360599     
  2.000000000000000E-003   2.43176333333333      -0.236381767080726     
  2.000000000000000E-003   2.73548375000000      -0.231130924299908     
  2.000000000000000E-003   3.03920416666667      -0.227183917848660     
  2.000000000000000E-003   3.34292458333333      -0.221829997626091     
  2.000000000000000E-003   3.64664500000000      -0.215242564629168     
  2.000000000000000E-003   3.95036541666667      -0.205891207437165     
  2.000000000000000E-003   4.25408583333333      -0.196219765347269     
  2.000000000000000E-003   4.55780625000000      -0.186622097390912     
  2.000000000000000E-003   4.86152666666667      -0.178472847088622     
  2.000000000000000E-003   5.16524708333333      -0.172080817125973     
  2.000000000000000E-003   5.46896750000000      -0.167191524392507     
  2.000000000000000E-003   5.77268791666667      -0.163258711984027     
  2.000000000000000E-003   6.07640833333333      -0.159980138058029     
  2.000000000000000E-003   6.38012875000000      -0.157292734954828     
  2.000000000000000E-003   6.68384916666667      -0.155215283665942     
  2.000000000000000E-003   6.98756958333333      -0.153146939951064     
  2.000000000000000E-003   7.29129000000000      -0.149772274178902     
  0.305720416666667       2.000000000000000E-003 -0.343913877257379     
  0.305720416666667       0.305720416666667      -0.326440533435929     
  0.305720416666667       0.609440833333333      -0.314590030163924     
  0.305720416666667       0.913161250000000      -0.305771998388883     
  0.305720416666667        1.21688166666667      -0.294108086907074     
  0.305720416666667        1.52060208333333      -0.281281175001960     
  0.305720416666667        1.82432250000000      -0.268913052666895     
  0.305720416666667        2.12804291666667      -0.258028318699907     
  0.305720416666667        2.43176333333333      -0.249399060645810     
  0.305720416666667        2.73548375000000      -0.243113976443530     
  0.305720416666667        3.03920416666667      -0.238177720278586     
  0.305720416666667        3.34292458333333      -0.231491757698188     
  0.305720416666667        3.64664500000000      -0.220343110246950     
  0.305720416666667        3.95036541666667      -0.208389584015457     
  0.305720416666667        4.25408583333333      -0.198394400966443     
  0.305720416666667        4.55780625000000      -0.189393713186362     
  0.305720416666667        4.86152666666667      -0.181716986961834     
  0.305720416666667        5.16524708333333      -0.175402600813247     
  0.305720416666667        5.46896750000000      -0.170294827049508     
  0.305720416666667        5.77268791666667      -0.166043224253919     
  0.305720416666667        6.07640833333333      -0.162296982787596     
  0.305720416666667        6.38012875000000      -0.158854431866243     
  0.305720416666667        6.68384916666667      -0.155737198412431     
  0.305720416666667        6.98756958333333      -0.153817623066895     
  0.305720416666667        7.29129000000000      -0.151621702425118     
  0.609440833333333       2.000000000000000E-003 -0.368439763399374     
  0.609440833333333       0.305720416666667      -0.353056793589281     
  0.609440833333333       0.609440833333333      -0.335596838053040     
  0.609440833333333       0.913161250000000      -0.324171134226472     
  0.609440833333333        1.21688166666667      -0.312117467536207     
  0.609440833333333        1.52060208333333      -0.298796705691544     
  0.609440833333333        1.82432250000000      -0.285411600426689     
  0.609440833333333        2.12804291666667      -0.273120711300201     
  0.609440833333333        2.43176333333333      -0.262749472689360     
  0.609440833333333        2.73548375000000      -0.254395932725303     
  0.609440833333333        3.03920416666667      -0.247043007021748     
  0.609440833333333        3.34292458333333      -0.238093409035739     
  0.609440833333333        3.64664500000000      -0.225885300668739     
  0.609440833333333        3.95036541666667      -0.212997391525855     
  0.609440833333333        4.25408583333333      -0.202033561522217     
  0.609440833333333        4.55780625000000      -0.192916621375676     
  0.609440833333333        4.86152666666667      -0.185378374110602     
  0.609440833333333        5.16524708333333      -0.178849554108844     
  0.609440833333333        5.46896750000000      -0.173397752509284     
  0.609440833333333        5.77268791666667      -0.168741413589083     
  0.609440833333333        6.07640833333333      -0.164567958314174     
  0.609440833333333        6.38012875000000      -0.160760353664451     
  0.609440833333333        6.68384916666667      -0.157528095797846     
  0.609440833333333        6.98756958333333      -0.155100199676569     
  0.609440833333333        7.29129000000000      -0.151521976911171     
  0.913161250000000       2.000000000000000E-003 -0.379385800873389     
  0.913161250000000       0.305720416666667      -0.372087177513111     
  0.913161250000000       0.609440833333333      -0.358835149083258     
  0.913161250000000       0.913161250000000      -0.345983006768916     
  0.913161250000000        1.21688166666667      -0.332483862189333     
  0.913161250000000        1.52060208333333      -0.317889346537440     
  0.913161250000000        1.82432250000000      -0.303017097355585     
  0.913161250000000        2.12804291666667      -0.288933959945284     
  0.913161250000000        2.43176333333333      -0.276321951656281     
  0.913161250000000        2.73548375000000      -0.265233862064816     
  0.913161250000000        3.03920416666667      -0.255058709571656     
  0.913161250000000        3.34292458333333      -0.244049903396170     
  0.913161250000000        3.64664500000000      -0.231439594928581     
  0.913161250000000        3.95036541666667      -0.218550108930844     
  0.913161250000000        4.25408583333333      -0.207086545669285     
  0.913161250000000        4.55780625000000      -0.197569565772111     
  0.913161250000000        4.86152666666667      -0.189514828740781     
  0.913161250000000        5.16524708333333      -0.182506690173615     
  0.913161250000000        5.46896750000000      -0.176526473888228     
  0.913161250000000        5.77268791666667      -0.171346862604344     
  0.913161250000000        6.07640833333333      -0.166690068535042     
  0.913161250000000        6.38012875000000      -0.162471282239447     
  0.913161250000000        6.68384916666667      -0.158721551391486     
  0.913161250000000        6.98756958333333      -0.155168988877627     
  0.913161250000000        7.29129000000000      -0.150972450412226     
   1.21688166666667       2.000000000000000E-003 -0.402572880155756     
   1.21688166666667       0.305720416666667      -0.398177081196425     
   1.21688166666667       0.609440833333333      -0.387469366769102     
   1.21688166666667       0.913161250000000      -0.373405735493002     
   1.21688166666667        1.21688166666667      -0.357204940565473     
   1.21688166666667        1.52060208333333      -0.339754992853621     
   1.21688166666667        1.82432250000000      -0.322164606065080     
   1.21688166666667        2.12804291666667      -0.305484222320697     
   1.21688166666667        2.43176333333333      -0.290257461280274     
   1.21688166666667        2.73548375000000      -0.276338314591191     
   1.21688166666667        3.03920416666667      -0.263267658234410     
   1.21688166666667        3.34292458333333      -0.250361024075574     
   1.21688166666667        3.64664500000000      -0.237142916806161     
   1.21688166666667        3.95036541666667      -0.224241626605931     
   1.21688166666667        4.25408583333333      -0.212622292824187     
   1.21688166666667        4.55780625000000      -0.202566841529872     
   1.21688166666667        4.86152666666667      -0.193846131731376     
   1.21688166666667        5.16524708333333      -0.186242209104694     
   1.21688166666667        5.46896750000000      -0.179616837913952     
   1.21688166666667        5.77268791666667      -0.173779980426949     
   1.21688166666667        6.07640833333333      -0.168500419407706     
   1.21688166666667        6.38012875000000      -0.163676931198342     
   1.21688166666667        6.68384916666667      -0.159225062297952     
   1.21688166666667        6.98756958333333      -0.154913779473945     
   1.21688166666667        7.29129000000000      -0.150444942879536     
   1.52060208333333       2.000000000000000E-003 -0.449274796631778     
   1.52060208333333       0.305720416666667      -0.444425514860732     
   1.52060208333333       0.609440833333333      -0.431143381306643     
   1.52060208333333       0.913161250000000      -0.412038251062653     
   1.52060208333333        1.21688166666667      -0.389690081060322     
   1.52060208333333        1.52060208333333      -0.366394264644237     
   1.52060208333333        1.82432250000000      -0.343810943972367     
   1.52060208333333        2.12804291666667      -0.323076970610031     
   1.52060208333333        2.43176333333333      -0.304551769956585     
   1.52060208333333        2.73548375000000      -0.287806384652779     
   1.52060208333333        3.03920416666667      -0.272225388007954     
   1.52060208333333        3.34292458333333      -0.257366567389010     
   1.52060208333333        3.64664500000000      -0.243148320612289     
   1.52060208333333        3.95036541666667      -0.229869756519385     
   1.52060208333333        4.25408583333333      -0.217909489754689     
   1.52060208333333        4.55780625000000      -0.207376669526038     
   1.52060208333333        4.86152666666667      -0.198115165445651     
   1.52060208333333        5.16524708333333      -0.189900225863041     
   1.52060208333333        5.46896750000000      -0.182563191345164     
   1.52060208333333        5.77268791666667      -0.175987004081882     
   1.52060208333333        6.07640833333333      -0.170006616617284     
   1.52060208333333        6.38012875000000      -0.164526350588893     
   1.52060208333333        6.68384916666667      -0.159457440694478     
   1.52060208333333        6.98756958333333      -0.154657926839394     
   1.52060208333333        7.29129000000000      -0.150011276451447     
   1.82432250000000       2.000000000000000E-003 -0.529265880948917     
   1.82432250000000       0.305720416666667      -0.521249856260641     
   1.82432250000000       0.609440833333333      -0.499522345963076     
   1.82432250000000       0.913161250000000      -0.468724546727546     
   1.82432250000000        1.21688166666667      -0.434333920405443     
   1.82432250000000        1.52060208333333      -0.400272296067731     
   1.82432250000000        1.82432250000000      -0.369023715629387     
   1.82432250000000        2.12804291666667      -0.342035697863957     
   1.82432250000000        2.43176333333333      -0.319092648425987     
   1.82432250000000        2.73548375000000      -0.299168335072489     
   1.82432250000000        3.03920416666667      -0.281225901203657     
   1.82432250000000        3.34292458333333      -0.264644601033859     
   1.82432250000000        3.64664500000000      -0.249283658501373     
   1.82432250000000        3.95036541666667      -0.235294225189050     
   1.82432250000000        4.25408583333333      -0.222828499164304     
   1.82432250000000        4.55780625000000      -0.211839619579815     
   1.82432250000000        4.86152666666667      -0.202091159419414     
   1.82432250000000        5.16524708333333      -0.193306748742227     
   1.82432250000000        5.46896750000000      -0.185300122665099     
   1.82432250000000        5.77268791666667      -0.177993345953499     
   1.82432250000000        6.07640833333333      -0.171336629229609     
   1.82432250000000        6.38012875000000      -0.165261077231578     
   1.82432250000000        6.68384916666667      -0.159702837032790     
   1.82432250000000        6.98756958333333      -0.154562313525576     
   1.82432250000000        7.29129000000000      -0.149772235312592     
   2.12804291666667       2.000000000000000E-003 -0.657395412334856     
   2.12804291666667       0.305720416666667      -0.642705799231767     
   2.12804291666667       0.609440833333333      -0.603331885060345     
   2.12804291666667       0.913161250000000      -0.550561941096551     
   2.12804291666667        1.21688166666667      -0.494466478961354     
   2.12804291666667        1.52060208333333      -0.442483322331975     
   2.12804291666667        1.82432250000000      -0.398302695005029     
   2.12804291666667        2.12804291666667      -0.362486293941994     
   2.12804291666667        2.43176333333333      -0.333718609163783     
   2.12804291666667        2.73548375000000      -0.310010760410625     
   2.12804291666667        3.03920416666667      -0.289595083778663     
   2.12804291666667        3.34292458333333      -0.271373543406282     
   2.12804291666667        3.64664500000000      -0.254918940247451     
   2.12804291666667        3.95036541666667      -0.240189485783420     
   2.12804291666667        4.25408583333333      -0.227187965228568     
   2.12804291666667        4.55780625000000      -0.215754218681174     
   2.12804291666667        4.86152666666667      -0.205569219018075     
   2.12804291666667        5.16524708333333      -0.196301615895925     
   2.12804291666667        5.46896750000000      -0.187750306833316     
   2.12804291666667        5.77268791666667      -0.179871335538754     
   2.12804291666667        6.07640833333333      -0.172688043161308     
   2.12804291666667        6.38012875000000      -0.166178229356784     
   2.12804291666667        6.68384916666667      -0.160253736566926     
   2.12804291666667        6.98756958333333      -0.154865917966316     
   2.12804291666667        7.29129000000000      -0.149942696050620     
   2.43176333333333       2.000000000000000E-003 -0.860172311286578     
   2.43176333333333       0.305720416666667      -0.830814217026370     
   2.43176333333333       0.609440833333333      -0.754941474618336     
   2.43176333333333       0.913161250000000      -0.660826782894054     
   2.43176333333333        1.21688166666667      -0.570039370679292     
   2.43176333333333        1.52060208333333      -0.492693363890261     
   2.43176333333333        1.82432250000000      -0.431193559169329     
   2.43176333333333        2.12804291666667      -0.384038118890220     
   2.43176333333333        2.43176333333333      -0.348102050646810     
   2.43176333333333        2.73548375000000      -0.320002372571687     
   2.43176333333333        3.03920416666667      -0.296949070288179     
   2.43176333333333        3.34292458333333      -0.277137280367500     
   2.43176333333333        3.64664500000000      -0.259687626888460     
   2.43176333333333        3.95036541666667      -0.244289934397738     
   2.43176333333333        4.25408583333333      -0.230796660630111     
   2.43176333333333        4.55780625000000      -0.218962454183141     
   2.43176333333333        4.86152666666667      -0.208412839042171     
   2.43176333333333        5.16524708333333      -0.198779557974002     
   2.43176333333333        5.46896750000000      -0.189850837157765     
   2.43176333333333        5.77268791666667      -0.181605876943878     
   2.43176333333333        6.07640833333333      -0.174114397455604     
   2.43176333333333        6.38012875000000      -0.167390525272124     
   2.43176333333333        6.68384916666667      -0.161324838538778     
   2.43176333333333        6.98756958333333      -0.155786557008865     
   2.43176333333333        7.29129000000000      -0.150802140501436     
   2.73548375000000       2.000000000000000E-003  -1.14174105889166     
   2.73548375000000       0.305720416666667       -1.09174330481041     
   2.73548375000000       0.609440833333333      -0.962599715592576     
   2.73548375000000       0.913161250000000      -0.802557298557892     
   2.73548375000000        1.21688166666667      -0.659134287148885     
   2.73548375000000        1.52060208333333      -0.548098632586098     
   2.73548375000000        1.82432250000000      -0.465557397460474     
   2.73548375000000        2.12804291666667      -0.405384034466963     
   2.73548375000000        2.43176333333333      -0.361531726383300     
   2.73548375000000        2.73548375000000      -0.328763192957486     
   2.73548375000000        3.03920416666667      -0.303050075000248     
   2.73548375000000        3.34292458333333      -0.281744429392158     
   2.73548375000000        3.64664500000000      -0.263423283693096     
   2.73548375000000        3.95036541666667      -0.247463308540671     
   2.73548375000000        4.25408583333333      -0.233560122735507     
   2.73548375000000        4.55780625000000      -0.221398902753207     
   2.73548375000000        4.86152666666667      -0.210574109854419     
   2.73548375000000        5.16524708333333      -0.200700871529905     
   2.73548375000000        5.46896750000000      -0.191564527269842     
   2.73548375000000        5.77268791666667      -0.183160371799694     
   2.73548375000000        6.07640833333333      -0.175586996768928     
   2.73548375000000        6.38012875000000      -0.168858293950385     
   2.73548375000000        6.68384916666667      -0.162859505679903     
   2.73548375000000        6.98756958333333      -0.157485582881232     
   2.73548375000000        7.29129000000000      -0.152584591152358     
   3.03920416666667       2.000000000000000E-003  -1.45311869278570     
   3.03920416666667       0.305720416666667       -1.38122036807093     
   3.03920416666667       0.609440833333333       -1.19310345833817     
   3.03920416666667       0.913161250000000      -0.960884537358804     
   3.03920416666667        1.21688166666667      -0.752262606927079     
   3.03920416666667        1.52060208333333      -0.601645627641262     
   3.03920416666667        1.82432250000000      -0.497061188473089     
   3.03920416666667        2.12804291666667      -0.424127042960534     
   3.03920416666667        2.43176333333333      -0.372807609304289     
   3.03920416666667        2.73548375000000      -0.335755399971983     
   3.03920416666667        3.03920416666667      -0.307676930802272     
   3.03920416666667        3.34292458333333      -0.285098817126428     
   3.03920416666667        3.64664500000000      -0.266074171523715     
   3.03920416666667        3.95036541666667      -0.249683606805985     
   3.03920416666667        4.25408583333333      -0.235476072375810     
   3.03920416666667        4.55780625000000      -0.223078836906495     
   3.03920416666667        4.86152666666667      -0.212071038269424     
   3.03920416666667        5.16524708333333      -0.202066796537168     
   3.03920416666667        5.46896750000000      -0.192856846492348     
   3.03920416666667        5.77268791666667      -0.184456001264953     
   3.03920416666667        6.07640833333333      -0.177006732706895     
   3.03920416666667        6.38012875000000      -0.170575786539753     
   3.03920416666667        6.68384916666667      -0.164988960259191     
   3.03920416666667        6.98756958333333      -0.159917436979649     
   3.03920416666667        7.29129000000000      -0.155132396793733     
   3.34292458333333       2.000000000000000E-003  -1.68208222757945     
   3.34292458333333       0.305720416666667       -1.60183791289471     
   3.34292458333333       0.609440833333333       -1.37829118812638     
   3.34292458333333       0.913161250000000       -1.08813377614063     
   3.34292458333333        1.21688166666667      -0.827823086615830     
   3.34292458333333        1.52060208333333      -0.641943965678632     
   3.34292458333333        1.82432250000000      -0.519729949102313     
   3.34292458333333        2.12804291666667      -0.437195745899449     
   3.34292458333333        2.43176333333333      -0.380440587762384     
   3.34292458333333        2.73548375000000      -0.340329373019629     
   3.34292458333333        3.03920416666667      -0.310588716997043     
   3.34292458333333        3.34292458333333      -0.287134169078995     
   3.34292458333333        3.64664500000000      -0.267641400005957     
   3.34292458333333        3.95036541666667      -0.250980804803925     
   3.34292458333333        4.25408583333333      -0.236590527496427     
   3.34292458333333        4.55780625000000      -0.224054243734056     
   3.34292458333333        4.86152666666667      -0.212946112316419     
   3.34292458333333        5.16524708333333      -0.202886463308862     
   3.34292458333333        5.46896750000000      -0.193675256113887     
   3.34292458333333        5.77268791666667      -0.185351056696757     
   3.34292458333333        6.07640833333333      -0.178130691094917     
   3.34292458333333        6.38012875000000      -0.172104068420277     
   3.34292458333333        6.68384916666667      -0.166960738723044     
   3.34292458333333        6.98756958333333      -0.162153633023659     
   3.34292458333333        7.29129000000000      -0.157437465614875     
   3.64664500000000       2.000000000000000E-003  -1.84538087839091     
   3.64664500000000       0.305720416666667       -1.67883037734141     
   3.64664500000000       0.609440833333333       -1.44780613781704     
   3.64664500000000       0.913161250000000       -1.13692319615768     
   3.64664500000000        1.21688166666667      -0.856961212737147     
   3.64664500000000        1.52060208333333      -0.657115079296078     
   3.64664500000000        1.82432250000000      -0.528038836253152     
   3.64664500000000        2.12804291666667      -0.441905427971453     
   3.64664500000000        2.43176333333333      -0.383152252487144     
   3.64664500000000        2.73548375000000      -0.341928029724968     
   3.64664500000000        3.03920416666667      -0.311585894993002     
   3.64664500000000        3.34292458333333      -0.287815417258450     
   3.64664500000000        3.64664500000000      -0.268155961827061     
   3.64664500000000        3.95036541666667      -0.251404019666924     
   3.64664500000000        4.25408583333333      -0.236954239937827     
   3.64664500000000        4.55780625000000      -0.224372971925322     
   3.64664500000000        4.86152666666667      -0.213234243403222     
   3.64664500000000        5.16524708333333      -0.203162027551631     
   3.64664500000000        5.46896750000000      -0.193960681008086     
   3.64664500000000        5.77268791666667      -0.185681037353999     
   3.64664500000000        6.07640833333333      -0.178579170667914     
   3.64664500000000        6.38012875000000      -0.172738016544492     
   3.64664500000000        6.68384916666667      -0.167803729226747     
   3.64664500000000        6.98756958333333      -0.163199191667319     
   3.64664500000000        7.29129000000000      -0.159551911243857     
   3.95036541666667       2.000000000000000E-003  -1.68208457902220     
   3.95036541666667       0.305720416666667       -1.60173621184962     
   3.95036541666667       0.609440833333333       -1.37817695734170     
   3.95036541666667       0.913161250000000       -1.08803994053535     
   3.95036541666667        1.21688166666667      -0.827755031295416     
   3.95036541666667        1.52060208333333      -0.641897497794791     
   3.95036541666667        1.82432250000000      -0.519699635443259     
   3.95036541666667        2.12804291666667      -0.437178827363846     
   3.95036541666667        2.43176333333333      -0.380433785442830     
   3.95036541666667        2.73548375000000      -0.340328824189006     
   3.95036541666667        3.03920416666667      -0.310590925031073     
   3.95036541666667        3.34292458333333      -0.287136579266829     
   3.95036541666667        3.64664500000000      -0.267642598554830     
   3.95036541666667        3.95036541666667      -0.250980547867197     
   3.95036541666667        4.25408583333333      -0.236589489874838     
   3.95036541666667        4.55780625000000      -0.224053731749854     
   3.95036541666667        4.86152666666667      -0.212947713626631     
   3.95036541666667        5.16524708333333      -0.202891620760275     
   3.95036541666667        5.46896750000000      -0.193684940624761     
   3.95036541666667        5.77268791666667      -0.185366192192417     
   3.95036541666667        6.07640833333333      -0.178154378484592     
   3.95036541666667        6.38012875000000      -0.172141012077286     
   3.95036541666667        6.68384916666667      -0.167010862784016     
   3.95036541666667        6.98756958333333      -0.162199738551861     
   3.95036541666667        7.29129000000000      -0.157421775706467     
   4.25408583333333       2.000000000000000E-003  -1.45312415391367     
   4.25408583333333       0.305720416666667       -1.38110767188474     
   4.25408583333333       0.609440833333333       -1.19294872075130     
   4.25408583333333       0.913161250000000      -0.960741000833151     
   4.25408583333333        1.21688166666667      -0.752151928699593     
   4.25408583333333        1.52060208333333      -0.601564602105856     
   4.25408583333333        1.82432250000000      -0.497007047546860     
   4.25408583333333        2.12804291666667      -0.424096478900409     
   4.25408583333333        2.43176333333333      -0.372795301787965     
   4.25408583333333        2.73548375000000      -0.335754523164812     
   4.25408583333333        3.03920416666667      -0.307681134138315     
   4.25408583333333        3.34292458333333      -0.285103325848921     
   4.25408583333333        3.64664500000000      -0.266076290470602     
   4.25408583333333        3.95036541666667      -0.249682707586530     
   4.25408583333333        4.25408583333333      -0.235473347324555     
   4.25408583333333        4.55780625000000      -0.223076651693933     
   4.25408583333333        4.86152666666667      -0.212072381986096     
   4.25408583333333        5.16524708333333      -0.202074224453785     
   4.25408583333333        5.46896750000000      -0.192872012866791     
   4.25408583333333        5.77268791666667      -0.184479627450098     
   4.25408583333333        6.07640833333333      -0.177040705111877     
   4.25408583333333        6.38012875000000      -0.170624535937544     
   4.25408583333333        6.68384916666667      -0.165044945625791     
   4.25408583333333        6.98756958333333      -0.159951823291853     
   4.25408583333333        7.29129000000000      -0.155102389591997     
   4.55780625000000       2.000000000000000E-003  -1.14174668146247     
   4.55780625000000       0.305720416666667       -1.09165125735479     
   4.55780625000000       0.609440833333333      -0.962455393619602     
   4.55780625000000       0.913161250000000      -0.802410309661708     
   4.55780625000000        1.21688166666667      -0.659007809731757     
   4.55780625000000        1.52060208333333      -0.547999580569112     
   4.55780625000000        1.82432250000000      -0.465489104489876     
   4.55780625000000        2.12804291666667      -0.405344744929242     
   4.55780625000000        2.43176333333333      -0.361515588076464     
   4.55780625000000        2.73548375000000      -0.328761917540192     
   4.55780625000000        3.03920416666667      -0.303055550095462     
   4.55780625000000        3.34292458333333      -0.281750270822241     
   4.55780625000000        3.64664500000000      -0.263425675810070     
   4.55780625000000        3.95036541666667      -0.247461078444960     
   4.55780625000000        4.25408583333333      -0.233554503379308     
   4.55780625000000        4.55780625000000      -0.221392944446516     
   4.55780625000000        4.86152666666667      -0.210571693584756     
   4.55780625000000        5.16524708333333      -0.200705446436573     
   4.55780625000000        5.46896750000000      -0.191577938416344     
   4.55780625000000        5.77268791666667      -0.183182501740645     
   4.55780625000000        6.07640833333333      -0.175616609512202     
   4.55780625000000        6.38012875000000      -0.168894317659036     
   4.55780625000000        6.68384916666667      -0.162894200211070     
   4.55780625000000        6.98756958333333      -0.157496112039905     
   4.55780625000000        7.29129000000000      -0.152549754497590     
   4.86152666666667       2.000000000000000E-003 -0.860176655665152     
   4.86152666666667       0.305720416666667      -0.830745623306805     
   4.86152666666667       0.609440833333333      -0.754826279606739     
   4.86152666666667       0.913161250000000      -0.660695497654024     
   4.86152666666667        1.21688166666667      -0.569914773028869     
   4.86152666666667        1.52060208333333      -0.492590519684002     
   4.86152666666667        1.82432250000000      -0.431120068617913     
   4.86152666666667        2.12804291666667      -0.383994336242056     
   4.86152666666667        2.43176333333333      -0.348082852810125     
   4.86152666666667        2.73548375000000      -0.319999686935300     
   4.86152666666667        3.03920416666667      -0.296954245228712     
   4.86152666666667        3.34292458333333      -0.277143178589405     
   4.86152666666667        3.64664500000000      -0.259689334954267     
   4.86152666666667        3.95036541666667      -0.244285301162750     
   4.86152666666667        4.25408583333333      -0.230786415638023     
   4.86152666666667        4.55780625000000      -0.218949782248472     
   4.86152666666667        4.86152666666667      -0.208402083685639     
   4.86152666666667        5.16524708333333      -0.198774672415193     
   4.86152666666667        5.46896750000000      -0.189853826088714     
   4.86152666666667        5.77268791666667      -0.181616074141164     
   4.86152666666667        6.07640833333333      -0.174128563189433     
   4.86152666666667        6.38012875000000      -0.167403373628317     
   4.86152666666667        6.68384916666667      -0.161328704254381     
   4.86152666666667        6.98756958333333      -0.155770652253280     
   4.86152666666667        7.29129000000000      -0.150757828695756     
   5.16524708333333       2.000000000000000E-003 -0.657398226423582     
   5.16524708333333       0.305720416666667      -0.642656490272208     
   5.16524708333333       0.609440833333333      -0.603241510140116     
   5.16524708333333       0.913161250000000      -0.550449968776161     
   5.16524708333333        1.21688166666667      -0.494353204717673     
   5.16524708333333        1.52060208333333      -0.442385151350482     
   5.16524708333333        1.82432250000000      -0.398228981897950     
   5.16524708333333        2.12804291666667      -0.362439301280802     
   5.16524708333333        2.43176333333333      -0.333694964358964     
   5.16524708333333        2.73548375000000      -0.310003907121700     
   5.16524708333333        3.03920416666667      -0.289597282949441     
   5.16524708333333        3.34292458333333      -0.271377408336289     
   5.16524708333333        3.64664500000000      -0.254918398288528     
   5.16524708333333        3.95036541666667      -0.240180984460248     
   5.16524708333333        4.25408583333333      -0.227170923902938     
   5.16524708333333        4.55780625000000      -0.215731254618048     
   5.16524708333333        4.86152666666667      -0.205544779068816     
   5.16524708333333        5.16524708333333      -0.196280019804086     
   5.16524708333333        5.46896750000000      -0.187734059816115     
   5.16524708333333        5.77268791666667      -0.179860073827024     
   5.16524708333333        6.07640833333333      -0.172678419741945     
   5.16524708333333        6.38012875000000      -0.166164025574977     
   5.16524708333333        6.68384916666667      -0.160226869514045     
   5.16524708333333        6.98756958333333      -0.154819781897969     
   5.16524708333333        7.29129000000000      -0.149876990995998     
   5.46896750000000       2.000000000000000E-003 -0.529267562913125     
   5.46896750000000       0.305720416666667      -0.521221046563009     
   5.46896750000000       0.609440833333333      -0.499460466955893     
   5.46896750000000       0.913161250000000      -0.468635324401628     
   5.46896750000000        1.21688166666667      -0.434234071887905     
   5.46896750000000        1.52060208333333      -0.400180296933379     
   5.46896750000000        1.82432250000000      -0.368949776761636     
   5.46896750000000        2.12804291666667      -0.341983311838365     
   5.46896750000000        2.43176333333333      -0.319060518528491     
   5.46896750000000        2.73548375000000      -0.299152539688003     
   5.46896750000000        3.03920416666667      -0.281220873775716     
   5.46896750000000        3.34292458333333      -0.264643506177357     
   5.46896750000000        3.64664500000000      -0.249279110775905     
   5.46896750000000        3.95036541666667      -0.235280040577533     
   5.46896750000000        4.25408583333333      -0.222801965557312     
   5.46896750000000        4.55780625000000      -0.211802166400674     
   5.46896750000000        4.86152666666667      -0.202047199662360     
   5.46896750000000        5.16524708333333      -0.193261069959972     
   5.46896750000000        5.46896750000000      -0.185256249801996     
   5.46896750000000        5.77268791666667      -0.177952555675997     
   5.46896750000000        6.07640833333333      -0.171297173650359     
   5.46896750000000        6.38012875000000      -0.165215087030863     
   5.46896750000000        6.68384916666667      -0.159640214611342     
   5.46896750000000        6.98756958333333      -0.154476881250486     
   5.46896750000000        7.29129000000000      -0.149667863620787     
   5.77268791666667       2.000000000000000E-003 -0.449275251606076     
   5.77268791666667       0.305720416666667      -0.444430068165624     
   5.77268791666667       0.609440833333333      -0.431122707953542     
   5.77268791666667       0.913161250000000      -0.411977707922022     
   5.77268791666667        1.21688166666667      -0.389603246818459     
   5.77268791666667        1.52060208333333      -0.366303757919271     
   5.77268791666667        1.82432250000000      -0.343732333920185     
   5.77268791666667        2.12804291666667      -0.323014039040706     
   5.77268791666667        2.43176333333333      -0.304505176670952     
   5.77268791666667        2.73548375000000      -0.287775356053507     
   5.77268791666667        3.03920416666667      -0.272208012776183     
   5.77268791666667        3.34292458333333      -0.257358016963242     
   5.77268791666667        3.64664500000000      -0.243139254566002     
   5.77268791666667        3.95036541666667      -0.229849148721737     
   5.77268791666667        4.25408583333333      -0.217870622133878     
   5.77268791666667        4.55780625000000      -0.207319934444160     
   5.77268791666667        4.86152666666667      -0.198045344209915     
   5.77268791666667        5.16524708333333      -0.189822926858953     
   5.77268791666667        5.46896750000000      -0.182483282221872     
   5.77268791666667        5.77268791666667      -0.175908371923675     
   5.77268791666667        6.07640833333333      -0.169927760494657     
   5.77268791666667        6.38012875000000      -0.164439428669927     
   5.77268791666667        6.68384916666667      -0.159348260503238     
   5.77268791666667        6.98756958333333      -0.154514151574471     
   5.77268791666667        7.29129000000000      -0.149840600168864     
   6.07640833333333       2.000000000000000E-003 -0.402572535798833     
   6.07640833333333       0.305720416666667      -0.398240152531730     
   6.07640833333333       0.609440833333333      -0.387502103668824     
   6.07640833333333       0.913161250000000      -0.373368946269751     
   6.07640833333333        1.21688166666667      -0.357123541423813     
   6.07640833333333        1.52060208333333      -0.339661099401870     
   6.07640833333333        1.82432250000000      -0.322075474118309     
   6.07640833333333        2.12804291666667      -0.305405275368470     
   6.07640833333333        2.43176333333333      -0.290189375736310     
   6.07640833333333        2.73548375000000      -0.276284054096169     
   6.07640833333333        3.03920416666667      -0.263232192524482     
   6.07640833333333        3.34292458333333      -0.250345849858666     
   6.07640833333333        3.64664500000000      -0.237135299044698     
   6.07640833333333        3.95036541666667      -0.224218337852884     
   6.07640833333333        4.25408583333333      -0.212568622731429     
   6.07640833333333        4.55780625000000      -0.202484850354729     
   6.07640833333333        4.86152666666667      -0.193743461492582     
   6.07640833333333        5.16524708333333      -0.186125235044982     
   6.07640833333333        5.46896750000000      -0.179490675283982     
   6.07640833333333        5.77268791666667      -0.173649338931895     
   6.07640833333333        6.07640833333333      -0.168367353893323     
   6.07640833333333        6.38012875000000      -0.163537048916304     
   6.07640833333333        6.68384916666667      -0.159057806499358     
   6.07640833333333        6.98756958333333      -0.154688055267217     
   6.07640833333333        7.29129000000000      -0.150169532105479     
   6.38012875000000       2.000000000000000E-003 -0.379385934404926     
   6.38012875000000       0.305720416666667      -0.372243967462676     
   6.38012875000000       0.609440833333333      -0.358904847478141     
   6.38012875000000       0.913161250000000      -0.345933922341502     
   6.38012875000000        1.21688166666667      -0.332386520806376     
   6.38012875000000        1.52060208333333      -0.317785158562055     
   6.38012875000000        1.82432250000000      -0.302916388996570     
   6.38012875000000        2.12804291666667      -0.288835669853302     
   6.38012875000000        2.43176333333333      -0.276225498664470     
   6.38012875000000        2.73548375000000      -0.265144769456504     
   6.38012875000000        3.03920416666667      -0.254993569685189     
   6.38012875000000        3.34292458333333      -0.244024263495061     
   6.38012875000000        3.64664500000000      -0.231436366379231     
   6.38012875000000        3.95036541666667      -0.218523715639551     
   6.38012875000000        4.25408583333333      -0.207011011875056     
   6.38012875000000        4.55780625000000      -0.197452491339201     
   6.38012875000000        4.86152666666667      -0.189371328758726     
   6.38012875000000        5.16524708333333      -0.182341940634735     
   6.38012875000000        5.46896750000000      -0.176342424384423     
   6.38012875000000        5.77268791666667      -0.171147565205707     
   6.38012875000000        6.07640833333333      -0.166481568492119     
   6.38012875000000        6.38012875000000      -0.162259859524171     
   6.38012875000000        6.68384916666667      -0.158490306955900     
   6.38012875000000        6.98756958333333      -0.154847884862825     
   6.38012875000000        7.29129000000000      -0.150549037258800     
   6.68384916666667       2.000000000000000E-003 -0.368441353222563     
   6.68384916666667       0.305720416666667      -0.353289585141845     
   6.68384916666667       0.609440833333333      -0.335578076442286     
   6.68384916666667       0.913161250000000      -0.324038741489713     
   6.68384916666667        1.21688166666667      -0.311986738453459     
   6.68384916666667        1.52060208333333      -0.298682709552798     
   6.68384916666667        1.82432250000000      -0.285302788869865     
   6.68384916666667        2.12804291666667      -0.273004214405675     
   6.68384916666667        2.43176333333333      -0.262618418185770     
   6.68384916666667        2.73548375000000      -0.254253869274805     
   6.68384916666667        3.03920416666667      -0.246920380159757     
   6.68384916666667        3.34292458333333      -0.238032666124497     
   6.68384916666667        3.64664500000000      -0.225871864268686     
   6.68384916666667        3.95036541666667      -0.212944611141289     
   6.68384916666667        4.25408583333333      -0.201909877819888     
   6.68384916666667        4.55780625000000      -0.192747390286008     
   6.68384916666667        4.86152666666667      -0.185186320574579     
   6.68384916666667        5.16524708333333      -0.178632443390812     
   6.68384916666667        5.46896750000000      -0.173150629818946     
   6.68384916666667        5.77268791666667      -0.168461568316451     
   6.68384916666667        6.07640833333333      -0.164260143096178     
   6.68384916666667        6.38012875000000      -0.160444340975017     
   6.68384916666667        6.68384916666667      -0.157224194215993     
   6.68384916666667        6.98756958333333      -0.154719449121917     
   6.68384916666667        7.29129000000000      -0.150943985591339     
   6.98756958333333       2.000000000000000E-003 -0.343916399354770     
   6.98756958333333       0.305720416666667      -0.326424234713802     
   6.98756958333333       0.609440833333333      -0.314322136346355     
   6.98756958333333       0.913161250000000      -0.305573539094291     
   6.98756958333333        1.21688166666667      -0.293979501580287     
   6.98756958333333        1.52060208333333      -0.281177672913222     
   6.98756958333333        1.82432250000000      -0.268805520664912     
   6.98756958333333        2.12804291666667      -0.257898827820586     
   6.98756958333333        2.43176333333333      -0.249232848351953     
   6.98756958333333        2.73548375000000      -0.242909606238426     
   6.98756958333333        3.03920416666667      -0.237967157594121     
   6.98756958333333        3.34292458333333      -0.231345914709291     
   6.98756958333333        3.64664500000000      -0.220272307970910     
   6.98756958333333        3.95036541666667      -0.208257141161059     
   6.98756958333333        4.25408583333333      -0.198189822777488     
   6.98756958333333        4.55780625000000      -0.189162366280308     
   6.98756958333333        4.86152666666667      -0.181476240464699     
   6.98756958333333        5.16524708333333      -0.175140207860805     
   6.98756958333333        5.46896750000000      -0.169993841460192     
   6.98756958333333        5.77268791666667      -0.165692089025609     
   6.98756958333333        6.07640833333333      -0.161891346172115     
   6.98756958333333        6.38012875000000      -0.158409850021432     
   6.98756958333333        6.68384916666667      -0.155302055348986     
   6.98756958333333        6.98756958333333      -0.153430582077677     
   6.98756958333333        7.29129000000000      -0.151063999813845     
   7.29129000000000       2.000000000000000E-003 -0.307344827694345     
   7.29129000000000       0.305720416666667      -0.310450943463721     
   7.29129000000000       0.609440833333333      -0.300779455897651     
   7.29129000000000       0.913161250000000      -0.289189272690292     
   7.29129000000000        1.21688166666667      -0.276789470565143     
   7.29129000000000        1.52060208333333      -0.264578571428258     
   7.29129000000000        1.82432250000000      -0.253336532802124     
   7.29129000000000        2.12804291666667      -0.243685027969802     
   7.29129000000000        2.43176333333333      -0.236194809462143     
   7.29129000000000        2.73548375000000      -0.230888085725078     
   7.29129000000000        3.03920416666667      -0.226910068289276     
   7.29129000000000        3.34292458333333      -0.221599262896210     
   7.29129000000000        3.64664500000000      -0.215079628156031     
   7.29129000000000        3.95036541666667      -0.205671716956312     
   7.29129000000000        4.25408583333333      -0.195953802546757     
   7.29129000000000        4.55780625000000      -0.186351259022563     
   7.29129000000000        4.86152666666667      -0.178203224624345     
   7.29129000000000        5.16524708333333      -0.171792806143205     
   7.29129000000000        5.46896750000000      -0.166863294520916     
   7.29129000000000        5.77268791666667      -0.162876019402304     
   7.29129000000000        6.07640833333333      -0.159539753014465     
   7.29129000000000        6.38012875000000      -0.156811534856164     
   7.29129000000000        6.68384916666667      -0.154727547857375     
   7.29129000000000        6.98756958333333      -0.152645780781443     
   7.29129000000000        7.29129000000000      -0.149384763247977     
