  2.000000000000000E-003  2.000000000000000E-003 -0.618075106225932     
  2.000000000000000E-003  0.305720416666667      -0.620041284417111     
  2.000000000000000E-003  0.609440833333333      -0.569296061191983     
  2.000000000000000E-003  0.913161250000000      -0.496430599893836     
  2.000000000000000E-003   1.21688166666667      -0.436670629852116     
  2.000000000000000E-003   1.52060208333333      -0.391345382779424     
  2.000000000000000E-003   1.82432250000000      -0.356238990104968     
  2.000000000000000E-003   2.12804291666667      -0.328393122559124     
  2.000000000000000E-003   2.43176333333333      -0.306222902906269     
  2.000000000000000E-003   2.73548375000000      -0.289698217057031     
  2.000000000000000E-003   3.03920416666667      -0.277195060467517     
  2.000000000000000E-003   3.34292458333333      -0.265213062459609     
  2.000000000000000E-003   3.64664500000000      -0.253435347169440     
  2.000000000000000E-003   3.95036541666667      -0.236985635683333     
  2.000000000000000E-003   4.25408583333333      -0.221282490732576     
  2.000000000000000E-003   4.55780625000000      -0.206627449212594     
  2.000000000000000E-003   4.86152666666667      -0.194522665527235     
  2.000000000000000E-003   5.16524708333333      -0.185098065285680     
  2.000000000000000E-003   5.46896750000000      -0.177846348896619     
  2.000000000000000E-003   5.77268791666667      -0.172020546147038     
  2.000000000000000E-003   6.07640833333333      -0.167076003583814     
  2.000000000000000E-003   6.38012875000000      -0.162722800846364     
  2.000000000000000E-003   6.68384916666667      -0.159003986835055     
  2.000000000000000E-003   6.98756958333333      -0.156305525554023     
  2.000000000000000E-003   7.29129000000000      -0.152956950970172     
  0.305720416666667       2.000000000000000E-003 -0.704694587826638     
  0.305720416666667       0.305720416666667      -0.626335018610430     
  0.305720416666667       0.609440833333333      -0.576004678671696     
  0.305720416666667       0.913161250000000      -0.521198497707118     
  0.305720416666667        1.21688166666667      -0.465670582245305     
  0.305720416666667        1.52060208333333      -0.417880191758037     
  0.305720416666667        1.82432250000000      -0.378579300545191     
  0.305720416666667        2.12804291666667      -0.346617898932645     
  0.305720416666667        2.43176333333333      -0.321106254368454     
  0.305720416666667        2.73548375000000      -0.301825682562983     
  0.305720416666667        3.03920416666667      -0.286740037739659     
  0.305720416666667        3.34292458333333      -0.272502180548085     
  0.305720416666667        3.64664500000000      -0.256872113953429     
  0.305720416666667        3.95036541666667      -0.240207052951270     
  0.305720416666667        4.25408583333333      -0.224148172295783     
  0.305720416666667        4.55780625000000      -0.209593676398211     
  0.305720416666667        4.86152666666667      -0.197473732217292     
  0.305720416666667        5.16524708333333      -0.187786863959224     
  0.305720416666667        5.46896750000000      -0.180174821147911     
  0.305720416666667        5.77268791666667      -0.173982628879304     
  0.305720416666667        6.07640833333333      -0.168664147671814     
  0.305720416666667        6.38012875000000      -0.163943976308527     
  0.305720416666667        6.68384916666667      -0.159964004896290     
  0.305720416666667        6.98756958333333      -0.157368003058974     
  0.305720416666667        7.29129000000000      -0.154021338266428     
  0.609440833333333       2.000000000000000E-003 -0.742189876165473     
  0.609440833333333       0.305720416666667      -0.680508774382796     
  0.609440833333333       0.609440833333333      -0.603441864966297     
  0.609440833333333       0.913161250000000      -0.544212117771932     
  0.609440833333333        1.21688166666667      -0.489162138468833     
  0.609440833333333        1.52060208333333      -0.439339438590367     
  0.609440833333333        1.82432250000000      -0.396685699158591     
  0.609440833333333        2.12804291666667      -0.361533402860803     
  0.609440833333333        2.43176333333333      -0.333407564174059     
  0.609440833333333        2.73548375000000      -0.311404961586844     
  0.609440833333333        3.03920416666667      -0.293435858546598     
  0.609440833333333        3.34292458333333      -0.276716744557650     
  0.609440833333333        3.64664500000000      -0.259361155666132     
  0.609440833333333        3.95036541666667      -0.241919036772103     
  0.609440833333333        4.25408583333333      -0.225723872911275     
  0.609440833333333        4.55780625000000      -0.211542774665704     
  0.609440833333333        4.86152666666667      -0.199741491038818     
  0.609440833333333        5.16524708333333      -0.189964322460205     
  0.609440833333333        5.46896750000000      -0.182056896500144     
  0.609440833333333        5.77268791666667      -0.175505610238615     
  0.609440833333333        6.07640833333333      -0.169844260166851     
  0.609440833333333        6.38012875000000      -0.164884999135101     
  0.609440833333333        6.68384916666667      -0.160727107693902     
  0.609440833333333        6.98756958333333      -0.157255385115431     
  0.609440833333333        7.29129000000000      -0.152926455954713     
  0.913161250000000       2.000000000000000E-003 -0.760260288805820     
  0.913161250000000       0.305720416666667      -0.721495557464245     
  0.913161250000000       0.609440833333333      -0.646385485843039     
  0.913161250000000       0.913161250000000      -0.574748971609369     
  0.913161250000000        1.21688166666667      -0.511676208510898     
  0.913161250000000        1.52060208333333      -0.456704020190175     
  0.913161250000000        1.82432250000000      -0.410346312381348     
  0.913161250000000        2.12804291666667      -0.372686462755962     
  0.913161250000000        2.43176333333333      -0.342499487846428     
  0.913161250000000        2.73548375000000      -0.317946826814410     
  0.913161250000000        3.03920416666667      -0.297336363997232     
  0.913161250000000        3.34292458333333      -0.278477321522849     
  0.913161250000000        3.64664500000000      -0.260122001270110     
  0.913161250000000        3.95036541666667      -0.242549492684662     
  0.913161250000000        4.25408583333333      -0.226652905226956     
  0.913161250000000        4.55780625000000      -0.212987401003729     
  0.913161250000000        4.86152666666667      -0.201458366547406     
  0.913161250000000        5.16524708333333      -0.191681895377904     
  0.913161250000000        5.46896750000000      -0.183475147068329     
  0.913161250000000        5.77268791666667      -0.176546399690397     
  0.913161250000000        6.07640833333333      -0.170492279303237     
  0.913161250000000        6.38012875000000      -0.165133645073594     
  0.913161250000000        6.68384916666667      -0.160389984857557     
  0.913161250000000        6.98756958333333      -0.155948578434087     
  0.913161250000000        7.29129000000000      -0.151225129183591     
   1.21688166666667       2.000000000000000E-003 -0.764185650908601     
   1.21688166666667       0.305720416666667      -0.737205104857797     
   1.21688166666667       0.609440833333333      -0.672800025557960     
   1.21688166666667       0.913161250000000      -0.599075185692442     
   1.21688166666667        1.21688166666667      -0.529827251606631     
   1.21688166666667        1.52060208333333      -0.469589210394644     
   1.21688166666667        1.82432250000000      -0.419770333235012     
   1.21688166666667        2.12804291666667      -0.380262501419740     
   1.21688166666667        2.43176333333333      -0.348376213069134     
   1.21688166666667        2.73548375000000      -0.321847564163710     
   1.21688166666667        3.03920416666667      -0.299108087474110     
   1.21688166666667        3.34292458333333      -0.278831250046122     
   1.21688166666667        3.64664500000000      -0.260027946781264     
   1.21688166666667        3.95036541666667      -0.242720018526315     
   1.21688166666667        4.25408583333333      -0.227367149335607     
   1.21688166666667        4.55780625000000      -0.214119359098619     
   1.21688166666667        4.86152666666667      -0.202746715775136     
   1.21688166666667        5.16524708333333      -0.192943293381095     
   1.21688166666667        5.46896750000000      -0.184467346914175     
   1.21688166666667        5.77268791666667      -0.177126537156255     
   1.21688166666667        6.07640833333333      -0.170625526940584     
   1.21688166666667        6.38012875000000      -0.164788186764338     
   1.21688166666667        6.68384916666667      -0.159482260520136     
   1.21688166666667        6.98756958333333      -0.154499592159760     
   1.21688166666667        7.29129000000000      -0.149616061079204     
   1.52060208333333       2.000000000000000E-003 -0.756492282525024     
   1.52060208333333       0.305720416666667      -0.735130905841254     
   1.52060208333333       0.609440833333333      -0.680209287174688     
   1.52060208333333       0.913161250000000      -0.609825506859539     
   1.52060208333333        1.21688166666667      -0.539173854586042     
   1.52060208333333        1.52060208333333      -0.476186773412972     
   1.52060208333333        1.82432250000000      -0.424725435313010     
   1.52060208333333        2.12804291666667      -0.384058328223174     
   1.52060208333333        2.43176333333333      -0.350985098051850     
   1.52060208333333        2.73548375000000      -0.323314954356093     
   1.52060208333333        3.03920416666667      -0.299509156977148     
   1.52060208333333        3.34292458333333      -0.278481916661626     
   1.52060208333333        3.64664500000000      -0.259603483491792     
   1.52060208333333        3.95036541666667      -0.242699605542897     
   1.52060208333333        4.25408583333333      -0.227810579926579     
   1.52060208333333        4.55780625000000      -0.214870401356725     
   1.52060208333333        4.86152666666667      -0.203630543576971     
   1.52060208333333        5.16524708333333      -0.193777890292725     
   1.52060208333333        5.46896750000000      -0.185059677953218     
   1.52060208333333        5.77268791666667      -0.177314384622998     
   1.52060208333333        6.07640833333333      -0.170374206613597     
   1.52060208333333        6.38012875000000      -0.164101343772473     
   1.52060208333333        6.68384916666667      -0.158387907187286     
   1.52060208333333        6.98756958333333      -0.153105074146418     
   1.52060208333333        7.29129000000000      -0.148140354746337     
   1.82432250000000       2.000000000000000E-003 -0.738003667723516     
   1.82432250000000       0.305720416666667      -0.719962277127606     
   1.82432250000000       0.609440833333333      -0.670785972670812     
   1.82432250000000       0.913161250000000      -0.605267541799260     
   1.82432250000000        1.21688166666667      -0.536363043682443     
   1.82432250000000        1.52060208333333      -0.474657798493859     
   1.82432250000000        1.82432250000000      -0.424479757566195     
   1.82432250000000        2.12804291666667      -0.383693867474666     
   1.82432250000000        2.43176333333333      -0.350157556197083     
   1.82432250000000        2.73548375000000      -0.322130734741640     
   1.82432250000000        3.03920416666667      -0.298180234664365     
   1.82432250000000        3.34292458333333      -0.277241371497379     
   1.82432250000000        3.64664500000000      -0.258678150552362     
   1.82432250000000        3.95036541666667      -0.242218015337483     
   1.82432250000000        4.25408583333333      -0.227748810363552     
   1.82432250000000        4.55780625000000      -0.215108780598889     
   1.82432250000000        4.86152666666667      -0.204016705886891     
   1.82432250000000        5.16524708333333      -0.194149299179224     
   1.82432250000000        5.46896750000000      -0.185255349951571     
   1.82432250000000        5.77268791666667      -0.177198243959350     
   1.82432250000000        6.07640833333333      -0.169898925099407     
   1.82432250000000        6.38012875000000      -0.163288107660504     
   1.82432250000000        6.68384916666667      -0.157300425547934     
   1.82432250000000        6.98756958333333      -0.151841755842152     
   1.82432250000000        7.29129000000000      -0.146840441922318     
   2.12804291666667       2.000000000000000E-003 -0.710753159690824     
   2.12804291666667       0.305720416666667      -0.692668885051437     
   2.12804291666667       0.609440833333333      -0.646343616647246     
   2.12804291666667       0.913161250000000      -0.584214089501970     
   2.12804291666667        1.21688166666667      -0.522052183313273     
   2.12804291666667        1.52060208333333      -0.466408461961445     
   2.12804291666667        1.82432250000000      -0.418786966146486     
   2.12804291666667        2.12804291666667      -0.378904681921990     
   2.12804291666667        2.43176333333333      -0.345805678053501     
   2.12804291666667        2.73548375000000      -0.318226583299803     
   2.12804291666667        3.03920416666667      -0.294852382487521     
   2.12804291666667        3.34292458333333      -0.274583944541604     
   2.12804291666667        3.64664500000000      -0.256707383253858     
   2.12804291666667        3.95036541666667      -0.240871368229661     
   2.12804291666667        4.25408583333333      -0.226906307351426     
   2.12804291666667        4.55780625000000      -0.214627001800100     
   2.12804291666667        4.86152666666667      -0.203752589700001     
   2.12804291666667        5.16524708333333      -0.193966963942085     
   2.12804291666667        5.46896750000000      -0.185032111938669     
   2.12804291666667        5.77268791666667      -0.176842662291246     
   2.12804291666667        6.07640833333333      -0.169378085316135     
   2.12804291666667        6.38012875000000      -0.162607600347906     
   2.12804291666667        6.68384916666667      -0.156459778564869     
   2.12804291666667        6.98756958333333      -0.150910590301990     
   2.12804291666667        7.29129000000000      -0.145896621372862     
   2.43176333333333       2.000000000000000E-003 -0.684799069135094     
   2.43176333333333       0.305720416666667      -0.665955454569791     
   2.43176333333333       0.609440833333333      -0.617613163984413     
   2.43176333333333       0.913161250000000      -0.559963617526329     
   2.43176333333333        1.21688166666667      -0.503614978657296     
   2.43176333333333        1.52060208333333      -0.452428745205386     
   2.43176333333333        1.82432250000000      -0.407733172543191     
   2.43176333333333        2.12804291666667      -0.369785595509365     
   2.43176333333333        2.43176333333333      -0.338138943910988     
   2.43176333333333        2.73548375000000      -0.311822249198460     
   2.43176333333333        3.03920416666667      -0.289624200848119     
   2.43176333333333        3.34292458333333      -0.270440278692991     
   2.43176333333333        3.64664500000000      -0.253514510361251     
   2.43176333333333        3.95036541666667      -0.238462473661040     
   2.43176333333333        4.25408583333333      -0.225108167141469     
   2.43176333333333        4.55780625000000      -0.213283463088656     
   2.43176333333333        4.86152666666667      -0.202733181187276     
   2.43176333333333        5.16524708333333      -0.193164338498137     
   2.43176333333333        5.46896750000000      -0.184360962061098     
   2.43176333333333        5.77268791666667      -0.176247652291036     
   2.43176333333333        6.07640833333333      -0.168843742212409     
   2.43176333333333        6.38012875000000      -0.162148876665569     
   2.43176333333333        6.68384916666667      -0.156070370635525     
   2.43176333333333        6.98756958333333      -0.150516588200487     
   2.43176333333333        7.29129000000000      -0.145574699292792     
   2.73548375000000       2.000000000000000E-003 -0.666008600266471     
   2.73548375000000       0.305720416666667      -0.647027544006186     
   2.73548375000000       0.609440833333333      -0.598088395972153     
   2.73548375000000       0.913161250000000      -0.537070596125409     
   2.73548375000000        1.21688166666667      -0.481052787191526     
   2.73548375000000        1.52060208333333      -0.433188607985268     
   2.73548375000000        1.82432250000000      -0.391985451444743     
   2.73548375000000        2.12804291666667      -0.357011263934473     
   2.73548375000000        2.43176333333333      -0.327780868784577     
   2.73548375000000        2.73548375000000      -0.303431460214622     
   2.73548375000000        3.03920416666667      -0.282854855917526     
   2.73548375000000        3.34292458333333      -0.265012508963101     
   2.73548375000000        3.64664500000000      -0.249186111450769     
   2.73548375000000        3.95036541666667      -0.235018920153924     
   2.73548375000000        4.25408583333333      -0.222365208792583     
   2.73548375000000        4.55780625000000      -0.211091342676682     
   2.73548375000000        4.86152666666667      -0.200976354974261     
   2.73548375000000        5.16524708333333      -0.191758046303888     
   2.73548375000000        5.46896750000000      -0.183250313547292     
   2.73548375000000        5.77268791666667      -0.175411683174076     
   2.73548375000000        6.07640833333333      -0.168296220309803     
   2.73548375000000        6.38012875000000      -0.161899489762763     
   2.73548375000000        6.68384916666667      -0.156102100709249     
   2.73548375000000        6.98756958333333      -0.150856771325954     
   2.73548375000000        7.29129000000000      -0.146130960015003     
   3.03920416666667       2.000000000000000E-003 -0.635058568499375     
   3.03920416666667       0.305720416666667      -0.614877493715492     
   3.03920416666667       0.609440833333333      -0.565626897778873     
   3.03920416666667       0.913161250000000      -0.507435677755123     
   3.03920416666667        1.21688166666667      -0.453879087406282     
   3.03920416666667        1.52060208333333      -0.409913931821270     
   3.03920416666667        1.82432250000000      -0.372988129204808     
   3.03920416666667        2.12804291666667      -0.341809574910295     
   3.03920416666667        2.43176333333333      -0.315667550481240     
   3.03920416666667        2.73548375000000      -0.293729411010770     
   3.03920416666667        3.03920416666667      -0.275014462866404     
   3.03920416666667        3.34292458333333      -0.258625781264235     
   3.03920416666667        3.64664500000000      -0.243958721314505     
   3.03920416666667        3.95036541666667      -0.230732602112166     
   3.03920416666667        4.25408583333333      -0.218849149989032     
   3.03920416666667        4.55780625000000      -0.208207062025950     
   3.03920416666667        4.86152666666667      -0.198614146906464     
   3.03920416666667        5.16524708333333      -0.189840368296487     
   3.03920416666667        5.46896750000000      -0.181738050757837     
   3.03920416666667        5.77268791666667      -0.174314163035467     
   3.03920416666667        6.07640833333333      -0.167689852854196     
   3.03920416666667        6.38012875000000      -0.161914522978350     
   3.03920416666667        6.68384916666667      -0.156765251296007     
   3.03920416666667        6.98756958333333      -0.151966865200048     
   3.03920416666667        7.29129000000000      -0.147474615724008     
   3.34292458333333       2.000000000000000E-003 -0.587945468059963     
   3.34292458333333       0.305720416666667      -0.569061381078714     
   3.34292458333333       0.609440833333333      -0.523622251432602     
   3.34292458333333       0.913161250000000      -0.470949565576528     
   3.34292458333333        1.21688166666667      -0.423399736416236     
   3.34292458333333        1.52060208333333      -0.384717919841504     
   3.34292458333333        1.82432250000000      -0.352613495355293     
   3.34292458333333        2.12804291666667      -0.325575248188880     
   3.34292458333333        2.43176333333333      -0.302746831303637     
   3.34292458333333        2.73548375000000      -0.283337060264657     
   3.34292458333333        3.03920416666667      -0.266523036693608     
   3.34292458333333        3.34292458333333      -0.251594974257105     
   3.34292458333333        3.64664500000000      -0.238101138817344     
   3.34292458333333        3.95036541666667      -0.225853729354187     
   3.34292458333333        4.25408583333333      -0.214795603273178     
   3.34292458333333        4.55780625000000      -0.204841567701815     
   3.34292458333333        4.86152666666667      -0.195816335792400     
   3.34292458333333        5.16524708333333      -0.187520503531435     
   3.34292458333333        5.46896750000000      -0.179851322197819     
   3.34292458333333        5.77268791666667      -0.172876441979417     
   3.34292458333333        6.07640833333333      -0.166825681240171     
   3.34292458333333        6.38012875000000      -0.161763990428552     
   3.34292458333333        6.68384916666667      -0.157331480801322     
   3.34292458333333        6.98756958333333      -0.152978400332929     
   3.34292458333333        7.29129000000000      -0.148663655871096     
   3.64664500000000       2.000000000000000E-003 -0.529265880948918     
   3.64664500000000       0.305720416666667      -0.517318094936375     
   3.64664500000000       0.609440833333333      -0.479917507366224     
   3.64664500000000       0.913161250000000      -0.434294863832954     
   3.64664500000000        1.21688166666667      -0.393090668334382     
   3.64664500000000        1.52060208333333      -0.359765668500416     
   3.64664500000000        1.82432250000000      -0.332407962549308     
   3.64664500000000        2.12804291666667      -0.309348824655103     
   3.64664500000000        2.43176333333333      -0.289671419466017     
   3.64664500000000        2.73548375000000      -0.272660701210742     
   3.64664500000000        3.03920416666667      -0.257662340871728     
   3.64664500000000        3.34292458333333      -0.244155842493665     
   3.64664500000000        3.64664500000000      -0.231838085484931     
   3.64664500000000        3.95036541666667      -0.220600302972549     
   3.64664500000000        4.25408583333333      -0.210405238227895     
   3.64664500000000        4.55780625000000      -0.201164531101830     
   3.64664500000000        4.86152666666667      -0.192709607232557     
   3.64664500000000        5.16524708333333      -0.184870397491844     
   3.64664500000000        5.46896750000000      -0.177588409764133     
   3.64664500000000        5.77268791666667      -0.170979888679505     
   3.64664500000000        6.07640833333333      -0.165332584267795     
   3.64664500000000        6.38012875000000      -0.160720529897412     
   3.64664500000000        6.68384916666667      -0.156766150383499     
   3.64664500000000        6.98756958333333      -0.152848564427882     
   3.64664500000000        7.29129000000000      -0.149663854629223     
   3.95036541666667       2.000000000000000E-003 -0.483797985653366     
   3.95036541666667       0.305720416666667      -0.470748714549292     
   3.95036541666667       0.609440833333333      -0.437725957208828     
   3.95036541666667       0.913161250000000      -0.399107126732671     
   3.95036541666667        1.21688166666667      -0.364235676824909     
   3.95036541666667        1.52060208333333      -0.335992502220449     
   3.95036541666667        1.82432250000000      -0.313019274400801     
   3.95036541666667        2.12804291666667      -0.293547036832834     
   3.95036541666667        2.43176333333333      -0.276706552945095     
   3.95036541666667        2.73548375000000      -0.261891881636203     
   3.95036541666667        3.03920416666667      -0.248604485482598     
   3.95036541666667        3.34292458333333      -0.236483406500920     
   3.95036541666667        3.64664500000000      -0.225342965257606     
   3.95036541666667        3.95036541666667      -0.215126899441890     
   3.95036541666667        4.25408583333333      -0.205799759093239     
   3.95036541666667        4.55780625000000      -0.197260763300040     
   3.95036541666667        4.86152666666667      -0.189346559011692     
   3.95036541666667        5.16524708333333      -0.181916501401776     
   3.95036541666667        5.46896750000000      -0.174949042181880     
   3.95036541666667        5.77268791666667      -0.168577422239172     
   3.95036541666667        6.07640833333333      -0.163051308930374     
   3.95036541666667        6.38012875000000      -0.158467326355795     
   3.95036541666667        6.68384916666667      -0.154500309227870     
   3.95036541666667        6.98756958333333      -0.150545651915988     
   3.95036541666667        7.29129000000000      -0.146371388504592     
   4.25408583333333       2.000000000000000E-003 -0.427461754045926     
   4.25408583333333       0.305720416666667      -0.417090960569562     
   4.25408583333333       0.609440833333333      -0.392257435026157     
   4.25408583333333       0.913161250000000      -0.363053857765402     
   4.25408583333333        1.21688166666667      -0.335684913556490     
   4.25408583333333        1.52060208333333      -0.313155354845368     
   4.25408583333333        1.82432250000000      -0.294352928642374     
   4.25408583333333        2.12804291666667      -0.278148616373025     
   4.25408583333333        2.43176333333333      -0.263902416478034     
   4.25408583333333        2.73548375000000      -0.251145466031647     
   4.25408583333333        3.03920416666667      -0.239508406909748     
   4.25408583333333        3.34292458333333      -0.228749508426864     
   4.25408583333333        3.64664500000000      -0.218766848448975     
   4.25408583333333        3.95036541666667      -0.209539678515525     
   4.25408583333333        4.25408583333333      -0.201034198648883     
   4.25408583333333        4.55780625000000      -0.193146876751027     
   4.25408583333333        4.86152666666667      -0.185729146907853     
   4.25408583333333        5.16524708333333      -0.178671212665498     
   4.25408583333333        5.46896750000000      -0.171978030605742     
   4.25408583333333        5.77268791666667      -0.165775845314066     
   4.25408583333333        6.07640833333333      -0.160233180629348     
   4.25408583333333        6.38012875000000      -0.155413090862096     
   4.25408583333333        6.68384916666667      -0.151142789500120     
   4.25408583333333        6.98756958333333      -0.147065017666154     
   4.25408583333333        7.29129000000000      -0.143004753500688     
   4.55780625000000       2.000000000000000E-003 -0.366568236956043     
   4.55780625000000       0.305720416666667      -0.360666376070614     
   4.55780625000000       0.609440833333333      -0.345804338577819     
   4.55780625000000       0.913161250000000      -0.326844111811303     
   4.55780625000000        1.21688166666667      -0.307922901479186     
   4.55780625000000        1.52060208333333      -0.291077408188994     
   4.55780625000000        1.82432250000000      -0.276260513984399     
   4.55780625000000        2.12804291666667      -0.263139807756165     
   4.55780625000000        2.43176333333333      -0.251365542587901     
   4.55780625000000        2.73548375000000      -0.240603464989628     
   4.55780625000000        3.03920416666667      -0.230581640953045     
   4.55780625000000        3.34292458333333      -0.221142884388375     
   4.55780625000000        3.64664500000000      -0.212248005407210     
   4.55780625000000        3.95036541666667      -0.203913805571493     
   4.55780625000000        4.25408583333333      -0.196129094357421     
   4.55780625000000        4.55780625000000      -0.188814387200472     
   4.55780625000000        4.86152666666667      -0.181852954793543     
   4.55780625000000        5.16524708333333      -0.175166140786486     
   4.55780625000000        5.46896750000000      -0.168771921292572     
   4.55780625000000        5.77268791666667      -0.162776863772425     
   4.55780625000000        6.07640833333333      -0.157296145010881     
   4.55780625000000        6.38012875000000      -0.152332734480511     
   4.55780625000000        6.68384916666667      -0.147788798943649     
   4.55780625000000        6.98756958333333      -0.143586906092572     
   4.55780625000000        7.29129000000000      -0.139637624376491     
   4.86152666666667       2.000000000000000E-003 -0.316129959469431     
   4.86152666666667       0.305720416666667      -0.313315201882883     
   4.86152666666667       0.609440833333333      -0.305629611414500     
   4.86152666666667       0.913161250000000      -0.294508788231680     
   4.86152666666667        1.21688166666667      -0.282215568173172     
   4.86152666666667        1.52060208333333      -0.270198697416564     
   4.86152666666667        1.82432250000000      -0.259030562892869     
   4.86152666666667        2.12804291666667      -0.248805964445321     
   4.86152666666667        2.43176333333333      -0.239383213115309     
   4.86152666666667        2.73548375000000      -0.230530299431329     
   4.86152666666667        3.03920416666667      -0.222043173445005     
   4.86152666666667        3.34292458333333      -0.213822846725617     
   4.86152666666667        3.64664500000000      -0.205883389372463     
   4.86152666666667        3.95036541666667      -0.198292946338215     
   4.86152666666667        4.25408583333333      -0.191094487632302     
   4.86152666666667        4.55780625000000      -0.184265020142780     
   4.86152666666667        4.86152666666667      -0.177737150420380     
   4.86152666666667        5.16524708333333      -0.171459747184245     
   4.86152666666667        5.46896750000000      -0.165445751567078     
   4.86152666666667        5.77268791666667      -0.159767353840973     
   4.86152666666667        6.07640833333333      -0.154499123916320     
   4.86152666666667        6.38012875000000      -0.149650019874130     
   4.86152666666667        6.68384916666667      -0.145145756810649     
   4.86152666666667        6.98756958333333      -0.140923518585802     
   4.86152666666667        7.29129000000000      -0.137069084477669     
   5.16524708333333       2.000000000000000E-003 -0.279040856890724     
   5.16524708333333       0.305720416666667      -0.277577645914267     
   5.16524708333333       0.609440833333333      -0.273356434298764     
   5.16524708333333       0.913161250000000      -0.267133732622443     
   5.16524708333333        1.21688166666667      -0.259520601686281     
   5.16524708333333        1.52060208333333      -0.251374072076979     
   5.16524708333333        1.82432250000000      -0.243325491172270     
   5.16524708333333        2.12804291666667      -0.235641157343415     
   5.16524708333333        2.43176333333333      -0.228303252865171     
   5.16524708333333        2.73548375000000      -0.221151464392311     
   5.16524708333333        3.03920416666667      -0.214024680080862     
   5.16524708333333        3.34292458333333      -0.206857260190597     
   5.16524708333333        3.64664500000000      -0.199703465662717     
   5.16524708333333        3.95036541666667      -0.192692032748884     
   5.16524708333333        4.25408583333333      -0.185946923096417     
   5.16524708333333        4.55780625000000      -0.179528505337705     
   5.16524708333333        4.86152666666667      -0.173430305439141     
   5.16524708333333        5.16524708333333      -0.167621257639628     
   5.16524708333333        5.46896750000000      -0.162090461658084     
   5.16524708333333        5.77268791666667      -0.156857247866375     
   5.16524708333333        6.07640833333333      -0.151943866523033     
   5.16524708333333        6.38012875000000      -0.147342929193632     
   5.16524708333333        6.68384916666667      -0.143031957946523     
   5.16524708333333        6.98756958333333      -0.139046840906758     
   5.16524708333333        7.29129000000000      -0.135380201453588     
   5.46896750000000       2.000000000000000E-003 -0.252414897668721     
   5.46896750000000       0.305720416666667      -0.251497353008058     
   5.46896750000000       0.609440833333333      -0.249034452249301     
   5.46896750000000       0.913161250000000      -0.245285045075800     
   5.46896750000000        1.21688166666667      -0.240675117961243     
   5.46896750000000        1.52060208333333      -0.235419267761853     
   5.46896750000000        1.82432250000000      -0.229742237243060     
   5.46896750000000        2.12804291666667      -0.224008042379051     
   5.46896750000000        2.43176333333333      -0.218302178636240     
   5.46896750000000        2.73548375000000      -0.212521967311635     
   5.46896750000000        3.03920416666667      -0.206523143660912     
   5.46896750000000        3.34292458333333      -0.200232302948530     
   5.46896750000000        3.64664500000000      -0.193708176808197     
   5.46896750000000        3.95036541666667      -0.187133737943753     
   5.46896750000000        4.25408583333333      -0.180733595700299     
   5.46896750000000        4.55780625000000      -0.174671122643897     
   5.46896750000000        4.86152666666667      -0.169004306128030     
   5.46896750000000        5.16524708333333      -0.163712907827666     
   5.46896750000000        5.46896750000000      -0.158749339624441     
   5.46896750000000        5.77268791666667      -0.154068999816431     
   5.46896750000000        6.07640833333333      -0.149632245247910     
   5.46896750000000        6.38012875000000      -0.145439681356534     
   5.46896750000000        6.68384916666667      -0.141500314919179     
   5.46896750000000        6.98756958333333      -0.137803160522796     
   5.46896750000000        7.29129000000000      -0.134353033597550     
   5.77268791666667       2.000000000000000E-003 -0.235186739264166     
   5.77268791666667       0.305720416666667      -0.234421984727893     
   5.77268791666667       0.609440833333333      -0.232469046573596     
   5.77268791666667       0.913161250000000      -0.229789682624301     
   5.77268791666667        1.21688166666667      -0.226506480212930     
   5.77268791666667        1.52060208333333      -0.222672132636182     
   5.77268791666667        1.82432250000000      -0.218393065927993     
   5.77268791666667        2.12804291666667      -0.213875850468996     
   5.77268791666667        2.43176333333333      -0.209275673494958     
   5.77268791666667        2.73548375000000      -0.204536196500443     
   5.77268791666667        3.03920416666667      -0.199491890105005     
   5.77268791666667        3.34292458333333      -0.193981142934222     
   5.77268791666667        3.64664500000000      -0.187981843077356     
   5.77268791666667        3.95036541666667      -0.181715957446222     
   5.77268791666667        4.25408583333333      -0.175556907665728     
   5.77268791666667        4.55780625000000      -0.169798501588113     
   5.77268791666667        4.86152666666667      -0.164550986547509     
   5.77268791666667        5.16524708333333      -0.159788820619837     
   5.77268791666667        5.46896750000000      -0.155425465840805     
   5.77268791666667        5.77268791666667      -0.151366493745270     
   5.77268791666667        6.07640833333333      -0.147533245915192     
   5.77268791666667        6.38012875000000      -0.143875488156565     
   5.77268791666667        6.68384916666667      -0.140368095348855     
   5.77268791666667        6.98756958333333      -0.136982731490157     
   5.77268791666667        7.29129000000000      -0.133716545627973     
   6.07640833333333       2.000000000000000E-003 -0.226973782572911     
   6.07640833333333       0.305720416666667      -0.225493401131821     
   6.07640833333333       0.609440833333333      -0.222471741259456     
   6.07640833333333       0.913161250000000      -0.219403640942200     
   6.07640833333333        1.21688166666667      -0.216256377510703     
   6.07640833333333        1.52060208333333      -0.212716329681840     
   6.07640833333333        1.82432250000000      -0.208826700724730     
   6.07640833333333        2.12804291666667      -0.204855502021705     
   6.07640833333333        2.43176333333333      -0.200950970500751     
   6.07640833333333        2.73548375000000      -0.197084834927238     
   6.07640833333333        3.03920416666667      -0.193038779022912     
   6.07640833333333        3.34292458333333      -0.188407431929921     
   6.07640833333333        3.64664500000000      -0.182842778833613     
   6.07640833333333        3.95036541666667      -0.176645171986894     
   6.07640833333333        4.25408583333333      -0.170544613336510     
   6.07640833333333        4.55780625000000      -0.165029953843477     
   6.07640833333333        4.86152666666667      -0.160175626421714     
   6.07640833333333        5.16524708333333      -0.155906280128197     
   6.07640833333333        5.46896750000000      -0.152110774224126     
   6.07640833333333        5.77268791666667      -0.148690520993559     
   6.07640833333333        6.07640833333333      -0.145480347929861     
   6.07640833333333        6.38012875000000      -0.142398753589512     
   6.07640833333333        6.68384916666667      -0.139393457147195     
   6.07640833333333        6.98756958333333      -0.136366230657605     
   6.07640833333333        7.29129000000000      -0.133269363420186     
   6.38012875000000       2.000000000000000E-003 -0.227104732778590     
   6.38012875000000       0.305720416666667      -0.223052489646661     
   6.38012875000000       0.609440833333333      -0.216659733123494     
   6.38012875000000       0.913161250000000      -0.212213002513779     
   6.38012875000000        1.21688166666667      -0.208465276447301     
   6.38012875000000        1.52060208333333      -0.204482890007091     
   6.38012875000000        1.82432250000000      -0.200341689509815     
   6.38012875000000        2.12804291666667      -0.196473418342689     
   6.38012875000000        2.43176333333333      -0.193092264411271     
   6.38012875000000        2.73548375000000      -0.190180690932069     
   6.38012875000000        3.03920416666667      -0.187439121155628     
   6.38012875000000        3.34292458333333      -0.183782229030428     
   6.38012875000000        3.64664500000000      -0.178434205175514     
   6.38012875000000        3.95036541666667      -0.172006107446266     
   6.38012875000000        4.25408583333333      -0.165750878396651     
   6.38012875000000        4.55780625000000      -0.160421731381198     
   6.38012875000000        4.86152666666667      -0.155980476388736     
   6.38012875000000        5.16524708333333      -0.152134271362184     
   6.38012875000000        5.46896750000000      -0.148846034030869     
   6.38012875000000        5.77268791666667      -0.145988977040670     
   6.38012875000000        6.07640833333333      -0.143333518951992     
   6.38012875000000        6.38012875000000      -0.140807706165061     
   6.38012875000000        6.68384916666667      -0.138389776528201     
   6.38012875000000        6.98756958333333      -0.135856168844165     
   6.38012875000000        7.29129000000000      -0.132935697060759     
   6.68384916666667       2.000000000000000E-003 -0.231418524807698     
   6.68384916666667       0.305720416666667      -0.221349363465268     
   6.68384916666667       0.609440833333333      -0.210971032018662     
   6.68384916666667       0.913161250000000      -0.206169583957051     
   6.68384916666667        1.21688166666667      -0.201847422215573     
   6.68384916666667        1.52060208333333      -0.197093765501656     
   6.68384916666667        1.82432250000000      -0.192430177384169     
   6.68384916666667        2.12804291666667      -0.188458003078182     
   6.68384916666667        2.43176333333333      -0.185579472597716     
   6.68384916666667        2.73548375000000      -0.183720946443340     
   6.68384916666667        3.03920416666667      -0.182367682446502     
   6.68384916666667        3.34292458333333      -0.179754473752989     
   6.68384916666667        3.64664500000000      -0.174437396646785     
   6.68384916666667        3.95036541666667      -0.167677308384242     
   6.68384916666667        4.25408583333333      -0.161418218268891     
   6.68384916666667        4.55780625000000      -0.156184288593064     
   6.68384916666667        4.86152666666667      -0.152070595977839     
   6.68384916666667        5.16524708333333      -0.148562586060686     
   6.68384916666667        5.46896750000000      -0.145697889091034     
   6.68384916666667        5.77268791666667      -0.143263806308277     
   6.68384916666667        6.07640833333333      -0.141016640200386     
   6.68384916666667        6.38012875000000      -0.138898537560498     
   6.68384916666667        6.68384916666667      -0.137048906060912     
   6.68384916666667        6.98756958333333      -0.135356013431935     
   6.68384916666667        7.29129000000000      -0.132741726208928     
   6.98756958333333       2.000000000000000E-003 -0.223423582543908     
   6.98756958333333       0.305720416666667      -0.211411278475964     
   6.98756958333333       0.609440833333333      -0.204345786666169     
   6.98756958333333       0.913161250000000      -0.200637953313888     
   6.98756958333333        1.21688166666667      -0.195563895345866     
   6.98756958333333        1.52060208333333      -0.189992642572979     
   6.98756958333333        1.82432250000000      -0.184891433824697     
   6.98756958333333        2.12804291666667      -0.180865845868932     
   6.98756958333333        2.43176333333333      -0.178337370649829     
   6.98756958333333        2.73548375000000      -0.177257366372229     
   6.98756958333333        3.03920416666667      -0.176973793044345     
   6.98756958333333        3.34292458333333      -0.175341143565377     
   6.98756958333333        3.64664500000000      -0.170365753532949     
   6.98756958333333        3.95036541666667      -0.163842175047858     
   6.98756958333333        4.25408583333333      -0.157975134242766     
   6.98756958333333        4.55780625000000      -0.152777557580523     
   6.98756958333333        4.86152666666667      -0.148602653662231     
   6.98756958333333        5.16524708333333      -0.145307463749461     
   6.98756958333333        5.46896750000000      -0.142710735872400     
   6.98756958333333        5.77268791666667      -0.140561278674164     
   6.98756958333333        6.07640833333333      -0.138583004657245     
   6.98756958333333        6.38012875000000      -0.136663989712896     
   6.98756958333333        6.68384916666667      -0.135003628714926     
   6.98756958333333        6.98756958333333      -0.134267202150713     
   6.98756958333333        7.29129000000000      -0.132598298019346     
   7.29129000000000       2.000000000000000E-003 -0.204027295654192     
   7.29129000000000       0.305720416666667      -0.206392980301582     
   7.29129000000000       0.609440833333333      -0.200790833151742     
   7.29129000000000       0.913161250000000      -0.194874522144388     
   7.29129000000000        1.21688166666667      -0.188671807998231     
   7.29129000000000        1.52060208333333      -0.182767201848729     
   7.29129000000000        1.82432250000000      -0.177671793281684     
   7.29129000000000        2.12804291666667      -0.173772440037026     
   7.29129000000000        2.43176333333333      -0.171408685859206     
   7.29129000000000        2.73548375000000      -0.170497201837599     
   7.29129000000000        3.03920416666667      -0.170356701976403     
   7.29129000000000        3.34292458333333      -0.169043954741644     
   7.29129000000000        3.64664500000000      -0.166857458479663     
   7.29129000000000        3.95036541666667      -0.161290464067915     
   7.29129000000000        4.25408583333333      -0.155562783491156     
   7.29129000000000        4.55780625000000      -0.150071723894658     
   7.29129000000000        4.86152666666667      -0.145639521993288     
   7.29129000000000        5.16524708333333      -0.142328028896501     
   7.29129000000000        5.46896750000000      -0.139883346795191     
   7.29129000000000        5.77268791666667      -0.137925735693909     
   7.29129000000000        6.07640833333333      -0.136197264387431     
   7.29129000000000        6.38012875000000      -0.134617654985615     
   7.29129000000000        6.68384916666667      -0.133332473483035     
   7.29129000000000        6.98756958333333      -0.132666395080121     
   7.29129000000000        7.29129000000000      -0.131220111437946     
